0	00000.000
1	00000.197
2	00000.394
3	00000.591
4	00000.789
5	00000.987
6	00001.185
7	00001.383
8	00001.582
9	00001.780
10	00001.979
11	00002.178
12	00002.377
13	00002.575
14	00002.774
15	00002.973
16	00003.172
17	00003.371
18	00003.570
19	00003.770
20	00003.969
21	00004.169
22	00004.368
23	00004.568
24	00004.767
25	00004.967
26	00005.167
27	00005.367
28	00005.567
29	00005.768
30	00005.968
31	00006.168
32	00006.368
33	00006.569
34	00006.769
35	00006.968
36	00007.168
37	00007.368
38	00007.568
39	00007.768
40	00007.968
41	00008.168
42	00008.368
43	00008.568
44	00008.768
45	00008.968
46	00009.167
47	00009.367
48	00009.567
49	00009.766
50	00009.966
51	00010.166
52	00010.366
53	00010.566
54	00010.766
55	00010.967
56	00011.167
57	00011.368
58	00011.568
59	00011.768
60	00011.968
61	00012.168
62	00012.369
63	00012.569
64	00012.769
65	00012.970
66	00013.170
67	00013.371
68	00013.571
69	00013.772
70	00013.972
71	00014.172
72	00014.373
73	00014.573
74	00014.774
75	00014.974
76	00015.174
77	00015.374
78	00015.574
79	00015.774
80	00015.975
81	00016.175
82	00016.375
83	00016.575
84	00016.775
85	00016.976
86	00017.176
87	00017.377
88	00017.578
89	00017.779
90	00017.980
91	00018.181
92	00018.383
93	00018.584
94	00018.786
95	00018.987
96	00019.189
97	00019.390
98	00019.592
99	00019.793
100	00019.995
101	00020.197
102	00020.398
103	00020.599
104	00020.800
105	00021.001
106	00021.202
107	00021.403
108	00021.604
109	00021.804
110	00022.005
111	00022.205
112	00022.406
113	00022.607
114	00022.807
115	00023.008
116	00023.209
117	00023.409
118	00023.610
119	00023.810
120	00024.010
121	00024.211
122	00024.411
123	00024.612
124	00024.812
125	00025.013
126	00025.213
127	00025.413
128	00025.614
129	00025.814
130	00026.015
131	00026.215
132	00026.416
133	00026.616
134	00026.817
135	00027.018
136	00027.219
137	00027.419
138	00027.620
139	00027.820
140	00028.021
141	00028.221
142	00028.421
143	00028.622
144	00028.822
145	00029.022
146	00029.222
147	00029.423
148	00029.623
149	00029.823
150	00030.023
151	00030.222
152	00030.422
153	00030.621
154	00030.820
155	00031.020
156	00031.219
157	00031.418
158	00031.617
159	00031.817
160	00032.016
161	00032.215
162	00032.415
163	00032.614
164	00032.813
165	00033.012
166	00033.211
167	00033.410
168	00033.609
169	00033.808
170	00034.007
171	00034.206
172	00034.405
173	00034.604
174	00034.803
175	00035.002
176	00035.201
177	00035.400
178	00035.600
179	00035.799
180	00035.999
181	00036.198
182	00036.398
183	00036.598
184	00036.798
185	00036.998
186	00037.198
187	00037.398
188	00037.598
189	00037.798
190	00037.999
191	00038.199
192	00038.400
193	00038.601
194	00038.801
195	00039.002
196	00039.203
197	00039.404
198	00039.605
199	00039.806
200	00040.007
201	00040.208
202	00040.410
203	00040.611
204	00040.812
205	00041.013
206	00041.215
207	00041.416
208	00041.618
209	00041.819
210	00042.021
211	00042.222
212	00042.424
213	00042.625
214	00042.826
215	00043.027
216	00043.229
217	00043.430
218	00043.631
219	00043.832
220	00044.033
221	00044.234
222	00044.435
223	00044.636
224	00044.837
225	00045.038
226	00045.239
227	00045.439
228	00045.640
229	00045.841
230	00046.041
231	00046.242
232	00046.442
233	00046.643
234	00046.843
235	00047.043
236	00047.244
237	00047.445
238	00047.646
239	00047.847
240	00048.047
241	00048.248
242	00048.449
243	00048.649
244	00048.850
245	00049.050
246	00049.251
247	00049.452
248	00049.653
249	00049.853
250	00050.054
251	00050.255
252	00050.455
253	00050.656
254	00050.857
255	00051.057
256	00051.258
257	00051.459
258	00051.659
259	00051.860
260	00052.060
261	00052.261
262	00052.461
263	00052.662
264	00052.863
265	00053.063
266	00053.264
267	00053.465
268	00053.666
269	00053.867
270	00054.068
271	00054.269
272	00054.470
273	00054.671
274	00054.872
275	00055.073
276	00055.274
277	00055.474
278	00055.675
279	00055.876
280	00056.076
281	00056.276
282	00056.476
283	00056.676
284	00056.876
285	00057.076
286	00057.275
287	00057.475
288	00057.674
289	00057.873
290	00058.073
291	00058.272
292	00058.471
293	00058.670
294	00058.869
295	00059.068
296	00059.267
297	00059.466
298	00059.666
299	00059.865
300	00060.064
301	00060.263
302	00060.462
303	00060.661
304	00060.861
305	00061.060
306	00061.259
307	00061.459
308	00061.658
309	00061.858
310	00062.057
311	00062.257
312	00062.456
313	00062.655
314	00062.855
315	00063.054
316	00063.254
317	00063.454
318	00063.653
319	00063.853
320	00064.052
321	00064.252
322	00064.451
323	00064.651
324	00064.850
325	00065.050
326	00065.250
327	00065.449
328	00065.649
329	00065.849
330	00066.049
331	00066.249
332	00066.448
333	00066.648
334	00066.848
335	00067.047
336	00067.247
337	00067.446
338	00067.645
339	00067.845
340	00068.045
341	00068.244
342	00068.444
343	00068.644
344	00068.844
345	00069.043
346	00069.243
347	00069.443
348	00069.643
349	00069.843
350	00070.043
351	00070.243
352	00070.443
353	00070.644
354	00070.844
355	00071.045
356	00071.245
357	00071.445
358	00071.646
359	00071.846
360	00072.047
361	00072.247
362	00072.447
363	00072.648
364	00072.848
365	00073.048
366	00073.248
367	00073.448
368	00073.648
369	00073.848
370	00074.048
371	00074.248
372	00074.449
373	00074.649
374	00074.849
375	00075.049
376	00075.249
377	00075.449
378	00075.649
379	00075.849
380	00076.049
381	00076.249
382	00076.449
383	00076.650
384	00076.850
385	00077.050
386	00077.250
387	00077.450
388	00077.650
389	00077.850
390	00078.050
391	00078.250
392	00078.450
393	00078.650
394	00078.850
395	00079.050
396	00079.250
397	00079.450
398	00079.650
399	00079.849
400	00080.049
401	00080.250
402	00080.450
403	00080.651
404	00080.851
405	00081.052
406	00081.253
407	00081.453
408	00081.654
409	00081.855
410	00082.055
411	00082.256
412	00082.457
413	00082.658
414	00082.859
415	00083.060
416	00083.261
417	00083.461
418	00083.662
419	00083.863
420	00084.063
421	00084.264
422	00084.465
423	00084.665
424	00084.866
425	00085.066
426	00085.266
427	00085.467
428	00085.667
429	00085.867
430	00086.067
431	00086.267
432	00086.467
433	00086.667
434	00086.867
435	00087.067
436	00087.267
437	00087.468
438	00087.668
439	00087.868
440	00088.067
441	00088.267
442	00088.467
443	00088.667
444	00088.867
445	00089.067
446	00089.267
447	00089.467
448	00089.667
449	00089.867
450	00090.066
451	00090.266
452	00090.466
453	00090.666
454	00090.866
455	00091.066
456	00091.266
457	00091.466
458	00091.666
459	00091.866
460	00092.065
461	00092.265
462	00092.465
463	00092.665
464	00092.865
465	00093.065
466	00093.266
467	00093.466
468	00093.666
469	00093.865
470	00094.065
471	00094.265
472	00094.465
473	00094.666
474	00094.866
475	00095.066
476	00095.266
477	00095.467
478	00095.667
479	00095.868
480	00096.069
481	00096.269
482	00096.470
483	00096.671
484	00096.872
485	00097.073
486	00097.275
487	00097.476
488	00097.678
489	00097.880
490	00098.082
491	00098.284
492	00098.485
493	00098.687
494	00098.888
495	00099.090
496	00099.291
497	00099.492
498	00099.694
499	00099.894
500	00100.094
501	00100.294
502	00100.493
503	00100.692
504	00100.891
505	00101.090
506	00101.288
507	00101.487
508	00101.685
509	00101.883
510	00102.082
511	00102.280
512	00102.478
513	00102.676
514	00102.874
515	00103.072
516	00103.270
517	00103.469
518	00103.667
519	00103.866
520	00104.065
521	00104.265
522	00104.464
523	00104.663
524	00104.862
525	00105.062
526	00105.261
527	00105.460
528	00105.660
529	00105.860
530	00106.059
531	00106.259
532	00106.459
533	00106.659
534	00106.859
535	00107.060
536	00107.260
537	00107.460
538	00107.660
539	00107.860
540	00108.060
541	00108.261
542	00108.461
543	00108.661
544	00108.861
545	00109.061
546	00109.261
547	00109.461
548	00109.661
549	00109.860
550	00110.060
551	00110.260
552	00110.459
553	00110.659
554	00110.858
555	00111.058
556	00111.258
557	00111.458
558	00111.658
559	00111.858
560	00112.058
561	00112.258
562	00112.458
563	00112.658
564	00112.858
565	00113.057
566	00113.257
567	00113.457
568	00113.658
569	00113.858
570	00114.058
571	00114.258
572	00114.458
573	00114.657
574	00114.857
575	00115.057
576	00115.257
577	00115.456
578	00115.656
579	00115.855
580	00116.055
581	00116.254
582	00116.453
583	00116.652
584	00116.851
585	00117.050
586	00117.248
587	00117.447
588	00117.646
589	00117.844
590	00118.043
591	00118.242
592	00118.440
593	00118.639
594	00118.838
595	00119.037
596	00119.236
597	00119.435
598	00119.634
599	00119.834
600	00120.033
601	00120.233
602	00120.434
603	00120.634
604	00120.834
605	00121.035
606	00121.235
607	00121.436
608	00121.636
609	00121.837
610	00122.037
611	00122.237
612	00122.438
613	00122.638
614	00122.838
615	00123.038
616	00123.238
617	00123.438
618	00123.638
619	00123.838
620	00124.037
621	00124.236
622	00124.436
623	00124.635
624	00124.835
625	00125.035
626	00125.234
627	00125.434
628	00125.633
629	00125.833
630	00126.033
631	00126.232
632	00126.432
633	00126.631
634	00126.831
635	00127.031
636	00127.230
637	00127.430
638	00127.629
639	00127.829
640	00128.029
641	00128.229
642	00128.428
643	00128.628
644	00128.828
645	00129.028
646	00129.227
647	00129.427
648	00129.627
649	00129.828
650	00130.028
651	00130.229
652	00130.429
653	00130.630
654	00130.830
655	00131.030
656	00131.231
657	00131.431
658	00131.632
659	00131.832
660	00132.032
661	00132.233
662	00132.433
663	00132.633
664	00132.833
665	00133.033
666	00133.233
667	00133.433
668	00133.633
669	00133.833
670	00134.033
671	00134.233
672	00134.433
673	00134.634
674	00134.834
675	00135.034
676	00135.234
677	00135.435
678	00135.635
679	00135.835
680	00136.035
681	00136.236
682	00136.436
683	00136.637
684	00136.838
685	00137.039
686	00137.240
687	00137.440
688	00137.641
689	00137.842
690	00138.043
691	00138.244
692	00138.444
693	00138.645
694	00138.845
695	00139.045
696	00139.246
697	00139.446
698	00139.646
699	00139.847
700	00140.047
701	00140.247
702	00140.447
703	00140.647
704	00140.848
705	00141.048
706	00141.248
707	00141.448
708	00141.649
709	00141.849
710	00142.050
711	00142.251
712	00142.452
713	00142.653
714	00142.854
715	00143.055
716	00143.256
717	00143.457
718	00143.659
719	00143.860
720	00144.062
721	00144.264
722	00144.465
723	00144.666
724	00144.868
725	00145.069
726	00145.270
727	00145.471
728	00145.672
729	00145.873
730	00146.074
731	00146.274
732	00146.475
733	00146.676
734	00146.877
735	00147.077
736	00147.278
737	00147.479
738	00147.679
739	00147.880
740	00148.081
741	00148.282
742	00148.482
743	00148.683
744	00148.884
745	00149.085
746	00149.285
747	00149.486
748	00149.686
749	00149.886
750	00150.087
751	00150.287
752	00150.487
753	00150.687
754	00150.887
755	00151.087
756	00151.287
757	00151.487
758	00151.687
759	00151.887
760	00152.087
761	00152.288
762	00152.488
763	00152.688
764	00152.889
765	00153.089
766	00153.290
767	00153.490
768	00153.691
769	00153.891
770	00154.091
771	00154.291
772	00154.492
773	00154.692
774	00154.892
775	00155.092
776	00155.292
777	00155.492
778	00155.693
779	00155.893
780	00156.093
781	00156.294
782	00156.494
783	00156.694
784	00156.894
785	00157.094
786	00157.294
787	00157.494
788	00157.694
789	00157.894
790	00158.094
791	00158.293
792	00158.493
793	00158.693
794	00158.893
795	00159.094
796	00159.294
797	00159.494
798	00159.695
799	00159.895
800	00160.095
801	00160.296
802	00160.496
803	00160.696
804	00160.896
805	00161.096
806	00161.296
807	00161.496
808	00161.696
809	00161.896
810	00162.096
811	00162.296
812	00162.496
813	00162.696
814	00162.896
815	00163.096
816	00163.296
817	00163.496
818	00163.696
819	00163.896
820	00164.095
821	00164.295
822	00164.495
823	00164.695
824	00164.895
825	00165.095
826	00165.295
827	00165.495
828	00165.695
829	00165.895
830	00166.096
831	00166.296
832	00166.496
833	00166.697
834	00166.897
835	00167.097
836	00167.298
837	00167.498
838	00167.698
839	00167.899
840	00168.099
841	00168.299
842	00168.499
843	00168.699
844	00168.898
845	00169.098
846	00169.298
847	00169.498
848	00169.698
849	00169.899
850	00170.099
851	00170.299
852	00170.499
853	00170.699
854	00170.900
855	00171.100
856	00171.300
857	00171.500
858	00171.700
859	00171.900
860	00172.100
861	00172.300
862	00172.500
863	00172.700
864	00172.899
865	00173.099
866	00173.299
867	00173.499
868	00173.698
869	00173.898
870	00174.098
871	00174.297
872	00174.497
873	00174.696
874	00174.896
875	00175.096
876	00175.295
877	00175.495
878	00175.694
879	00175.893
880	00176.093
881	00176.292
882	00176.491
883	00176.690
884	00176.889
885	00177.089
886	00177.288
887	00177.487
888	00177.686
889	00177.886
890	00178.086
891	00178.286
892	00178.485
893	00178.685
894	00178.884
895	00179.083
896	00179.283
897	00179.482
898	00179.682
899	00179.881
900	00180.080
901	00180.280
902	00180.480
903	00180.679
904	00180.879
905	00181.079
906	00181.279
907	00181.479
908	00181.679
909	00181.880
910	00182.080
911	00182.280
912	00182.481
913	00182.681
914	00182.881
915	00183.081
916	00183.281
917	00183.481
918	00183.681
919	00183.882
920	00184.082
921	00184.282
922	00184.483
923	00184.683
924	00184.883
925	00185.084
926	00185.284
927	00185.484
928	00185.683
929	00185.883
930	00186.083
931	00186.282
932	00186.481
933	00186.680
934	00186.879
935	00187.078
936	00187.278
937	00187.477
938	00187.676
939	00187.875
940	00188.074
941	00188.273
942	00188.472
943	00188.671
944	00188.871
945	00189.070
946	00189.269
947	00189.468
948	00189.667
949	00189.865
950	00190.064
951	00190.263
952	00190.461
953	00190.660
954	00190.858
955	00191.056
956	00191.255
957	00191.453
958	00191.652
959	00191.851
960	00192.050
961	00192.249
962	00192.448
963	00192.647
964	00192.846
965	00193.045
966	00193.244
967	00193.443
968	00193.642
969	00193.842
970	00194.042
971	00194.241
972	00194.441
973	00194.641
974	00194.841
975	00195.041
976	00195.241
977	00195.441
978	00195.641
979	00195.840
980	00196.040
981	00196.240
982	00196.440
983	00196.640
984	00196.840
985	00197.041
986	00197.241
987	00197.441
988	00197.641
989	00197.841
990	00198.040
991	00198.240
992	00198.440
993	00198.640
994	00198.840
995	00199.040
996	00199.240
997	00199.440
998	00199.640
999	00199.840
1000	00200.040
1001	00200.240
1002	00200.440
1003	00200.639
1004	00200.839
1005	00201.039
1006	00201.238
1007	00201.438
1008	00201.637
1009	00201.836
1010	00202.034
1011	00202.233
1012	00202.431
1013	00202.629
1014	00202.827
1015	00203.025
1016	00203.223
1017	00203.420
1018	00203.618
1019	00203.815
1020	00204.012
1021	00204.209
1022	00204.406
1023	00204.603
