0	0	44
0	1	0
0	2	31
0	3	-3
0	4	51
0	5	-16
0	6	30
0	7	-17
0	8	13
0	9	16
0	10	80
0	11	-13
0	12	80
0	13	10
0	14	42
0	15	-9
0	16	69
0	17	8
0	18	50
0	19	-21
0	20	26
0	21	0
0	22	99
0	23	-24
0	24	40
0	25	23
0	26	26
0	27	-9
0	28	73
0	29	-15
0	30	56
0	31	-2
0	32	50
0	33	-6
0	34	18
0	35	-20
0	36	37
0	37	15
0	38	-4
0	39	37
0	40	54
0	41	-3
0	42	76
0	43	0
0	44	17
0	45	-16
0	46	53
0	47	-6
0	48	34
0	49	-18
0	50	64
0	51	15
0	52	53
0	53	7
0	54	39
0	55	-9
0	56	46
0	57	-32
0	58	52
0	59	7
0	60	28
0	61	-20
0	62	36
0	63	-26
0	64	46
0	65	-6
0	66	87
0	67	-22
0	68	47
0	69	23
0	70	36
0	71	6
0	72	50
0	73	11
0	74	101
0	75	26
0	76	44
0	77	16
0	78	75
0	79	-39
0	80	34
0	81	7
0	82	35
0	83	-14
0	84	43
0	85	-15
0	86	44
0	87	10
0	88	30
0	89	-4
0	90	56
0	91	-18
0	92	47
0	93	-12
0	94	25
0	95	-20
0	96	69
0	97	-20
0	98	112
0	99	-43
0	100	47
0	101	0
0	102	48
0	103	20
0	104	38
0	105	-29
0	106	19
0	107	-14
0	108	60
0	109	-26
0	110	14
0	111	2
0	112	32
0	113	-26
0	114	86
0	115	-9
0	116	8
0	117	-11
0	118	4
0	119	4
0	120	78
0	121	-24
0	122	66
0	123	-13
0	124	28
0	125	23
0	126	36
0	127	-2
0	128	29
0	129	6
0	130	62
0	131	-22
0	132	42
0	133	-18
0	134	22
0	135	-21
0	136	18
0	137	-40
0	138	31
0	139	-54
0	140	65
0	141	9
0	142	76
0	143	5
0	144	30
0	145	12
0	146	57
0	147	-23
0	148	31
0	149	-27
0	150	46
0	151	4
0	152	36
0	153	19
0	154	74
0	155	20
0	156	58
0	157	13
0	158	60
0	159	14
0	160	38
0	161	21
0	162	55
0	163	-26
0	164	28
0	165	-6
0	166	45
0	167	11
0	168	48
0	169	-3
0	170	60
0	171	-37
0	172	58
0	173	-8
0	174	69
0	175	-28
0	176	33
0	177	30
0	178	-1
0	179	-22
0	180	67
0	181	5
0	182	43
0	183	-7
0	184	47
0	185	3
0	186	11
0	187	-41
0	188	20
0	189	33
0	190	24
0	191	-25
0	192	68
0	193	28
0	194	31
0	195	-8
0	196	59
0	197	-50
0	198	52
0	199	-12
0	200	12
0	201	11
0	202	66
0	203	-18
0	204	88
0	205	-35
0	206	29
0	207	2
0	208	53
0	209	24
0	210	34
0	211	-3
0	212	11
0	213	12
0	214	30
0	215	-8
0	216	74
0	217	13
0	218	37
0	219	17
0	220	35
0	221	-10
0	222	-2
0	223	3
0	224	29
0	225	-13
0	226	38
0	227	-26
0	228	12
0	229	1
0	230	59
0	231	0
0	232	66
0	233	-28
0	234	59
0	235	-37
0	236	28
0	237	-33
0	238	67
0	239	-30
0	240	47
0	241	29
0	242	82
0	243	15
0	244	41
0	245	21
0	246	45
0	247	-6
0	248	16
0	249	29
0	250	31
0	251	2
0	252	31
0	253	-3
0	254	78
0	255	-33
0	256	67
0	257	28
0	258	34
0	259	-17
0	260	43
0	261	-7
0	262	42
0	263	-11
0	264	49
0	265	23
0	266	55
0	267	22
0	268	19
0	269	13
0	270	38
0	271	8
0	272	89
0	273	-33
0	274	52
0	275	5
0	276	48
0	277	7
0	278	27
0	279	-2
0	280	63
0	281	31
0	282	22
0	283	-31
0	284	28
0	285	-33
0	286	52
0	287	-34
0	288	79
0	289	20
0	290	54
0	291	21
0	292	45
0	293	-18
0	294	29
0	295	-38
0	296	69
0	297	28
0	298	83
0	299	14
0	300	12
0	301	-16
0	302	50
0	303	-4
0	304	10
0	305	-21
0	306	24
0	307	-12
0	308	20
0	309	2
0	310	61
0	311	6
0	312	32
0	313	-5
0	314	34
0	315	-31
0	316	14
0	317	-38
0	318	68
0	319	-36
0	320	36
0	321	-17
0	322	52
0	323	-12
0	324	26
0	325	-14
0	326	40
0	327	-15
0	328	13
0	329	13
0	330	36
0	331	9
0	332	77
0	333	3
0	334	33
0	335	8
0	336	49
0	337	-14
0	338	58
0	339	-31
0	340	56
0	341	10
0	342	52
0	343	-23
0	344	47
0	345	14
0	346	43
0	347	5
0	348	-6
0	349	2
0	350	35
0	351	-30
0	352	53
0	353	13
0	354	21
0	355	4
0	356	46
0	357	19
0	358	32
0	359	-30
0	360	39
0	361	-3
0	362	33
0	363	47
0	364	52
0	365	57
0	366	47
0	367	-10
0	368	65
0	369	-3
0	370	30
0	371	6
0	372	39
0	373	22
0	374	62
0	375	11
0	376	61
0	377	7
0	378	25
0	379	6
0	380	14
0	381	19
0	382	36
0	383	12
0	384	28
0	385	-19
0	386	27
0	387	-18
0	388	42
0	389	-11
0	390	22
0	391	-23
0	392	4
0	393	16
0	394	62
0	395	15
0	396	19
0	397	-11
0	398	36
0	399	4
0	400	43
0	401	9
0	402	36
0	403	-60
0	404	70
0	405	-17
0	406	75
0	407	-50
0	408	59
0	409	-11
0	410	17
0	411	-7
0	412	31
0	413	-22
0	414	23
0	415	12
0	416	3
0	417	25
0	418	66
0	419	-19
0	420	28
0	421	-12
0	422	17
0	423	3
0	424	34
0	425	-2
0	426	66
0	427	12
0	428	37
0	429	-19
0	430	7
0	431	18
0	432	32
0	433	-32
0	434	52
0	435	-10
0	436	58
0	437	-17
0	438	51
0	439	-15
0	440	37
0	441	29
0	442	31
0	443	11
0	444	40
0	445	10
0	446	-8
0	447	-40
0	448	30
0	449	1
0	450	56
0	451	-9
0	452	35
0	453	7
0	454	19
0	455	-3
0	456	39
0	457	-2
0	458	5
0	459	-2
0	460	39
0	461	-13
0	462	35
0	463	7
0	464	30
0	465	-9
0	466	25
0	467	-2
0	468	75
0	469	40
0	470	88
0	471	7
0	472	56
0	473	17
0	474	20
0	475	-13
0	476	63
0	477	-9
0	478	76
0	479	17
0	480	23
0	481	-24
0	482	64
0	483	-27
0	484	34
0	485	15
0	486	33
0	487	-23
0	488	53
0	489	7
0	490	19
0	491	-23
0	492	51
0	493	-5
0	494	80
0	495	5
0	496	69
0	497	-12
0	498	-27
0	499	-96
0	500	-21
0	501	-80
0	502	-1
0	503	-62
0	504	26
0	505	33
0	506	38
0	507	18
0	508	41
0	509	17
0	510	0
0	511	-44
0	512	-2
0	513	-23
0	514	-27
0	515	-49
0	516	-2
0	517	-20
0	518	-45
0	519	1
0	520	-25
0	521	-40
0	522	-51
0	523	-44
0	524	-65
0	525	-29
0	526	-6
0	527	-12
0	528	-39
0	529	-32
0	530	-21
0	531	-16
0	532	-39
0	533	-9
0	534	-7
0	535	-26
0	536	-29
0	537	-43
0	538	-24
0	539	-5
0	540	6
0	541	-32
0	542	-15
0	543	-28
0	544	-3
0	545	-5
0	546	-38
0	547	9
0	548	-35
0	549	-27
0	550	-3
0	551	-28
0	552	-45
0	553	-8
0	554	-19
0	555	13
0	556	-16
0	557	-8
0	558	-30
0	559	-21
0	560	-36
0	561	-18
0	562	-45
0	563	21
0	564	-9
0	565	18
0	566	-22
0	567	-25
0	568	6
0	569	-12
0	570	18
0	571	-25
0	572	-11
0	573	-26
0	574	-20
0	575	-3
0	576	-60
0	577	-59
0	578	-31
0	579	-22
0	580	-14
0	581	-28
0	582	-51
0	583	-35
0	584	-9
0	585	-29
0	586	6
0	587	-30
0	588	-27
0	589	-34
0	590	-29
0	591	-28
0	592	17
0	593	-26
0	594	-14
0	595	-13
0	596	31
0	597	-29
0	598	6
0	599	-37
0	600	-10
0	601	-8
0	602	-11
0	603	-8
0	604	-38
0	605	-10
0	606	-8
0	607	12
0	608	-3
0	609	-7
0	610	-31
0	611	-1
0	612	1
0	613	35
0	614	-13
0	615	-14
0	616	-4
0	617	-8
0	618	-33
0	619	-20
0	620	-34
0	621	-41
0	622	-14
0	623	-29
0	624	-32
0	625	-15
0	626	22
0	627	-10
0	628	-35
0	629	-48
0	630	9
0	631	-19
0	632	-25
0	633	-13
0	634	-23
0	635	-32
0	636	-7
0	637	-23
0	638	18
0	639	28
0	640	-45
0	641	5
0	642	-27
0	643	-21
0	644	19
0	645	-50
0	646	-12
0	647	7
0	648	-8
0	649	-40
0	650	-3
0	651	-44
0	652	-51
0	653	-2
0	654	-30
0	655	-5
0	656	-25
0	657	-9
0	658	-6
0	659	-16
0	660	-6
0	661	-10
0	662	-2
0	663	-12
0	664	-9
0	665	-16
0	666	28
0	667	-7
0	668	-22
0	669	-6
0	670	-32
0	671	-4
0	672	-17
0	673	16
0	674	-29
0	675	15
0	676	-12
0	677	-28
0	678	-74
0	679	-26
0	680	35
0	681	-24
0	682	-35
0	683	-24
0	684	-35
0	685	-18
0	686	-23
0	687	2
0	688	-33
0	689	-5
0	690	32
0	691	16
0	692	-4
0	693	-12
0	694	-53
0	695	-19
0	696	-51
0	697	-6
0	698	-50
0	699	2
0	700	-15
0	701	8
0	702	-31
0	703	-44
0	704	3
0	705	-24
0	706	-54
0	707	-52
0	708	-32
0	709	7
0	710	-24
0	711	-28
0	712	-13
0	713	-33
0	714	-26
0	715	-35
0	716	5
0	717	11
0	718	-23
0	719	16
0	720	-34
0	721	-16
0	722	-51
0	723	1
0	724	-44
0	725	-18
0	726	-9
0	727	-44
0	728	-23
0	729	17
0	730	12
0	731	-31
0	732	-12
0	733	26
0	734	-20
0	735	-16
0	736	-11
0	737	-9
0	738	-6
0	739	-9
0	740	-7
0	741	-48
0	742	7
0	743	11
0	744	-14
0	745	-48
0	746	-16
0	747	-31
0	748	-7
0	749	-22
0	750	-34
0	751	-14
0	752	-11
0	753	-11
0	754	-1
0	755	-26
0	756	3
0	757	-37
0	758	-66
0	759	-14
0	760	0
0	761	1
0	762	-28
0	763	-56
0	764	-23
0	765	-11
0	766	-7
0	767	-33
0	768	-7
0	769	-17
0	770	-36
0	771	7
0	772	-15
0	773	-6
0	774	1
0	775	-43
0	776	-53
0	777	-29
0	778	-22
0	779	-17
0	780	-13
0	781	-84
0	782	-29
0	783	-31
0	784	-9
0	785	-3
0	786	-17
0	787	-43
0	788	-35
0	789	2
0	790	-14
0	791	-7
0	792	-33
0	793	16
0	794	0
0	795	-2
0	796	-28
0	797	1
0	798	-6
0	799	-32
0	800	-45
0	801	10
0	802	-33
0	803	-42
0	804	-30
0	805	-37
0	806	-13
0	807	-31
0	808	15
0	809	13
0	810	-27
0	811	-17
0	812	13
0	813	11
0	814	-32
0	815	-12
0	816	-12
0	817	-22
0	818	-23
0	819	-41
0	820	-41
0	821	-18
0	822	-40
0	823	-29
0	824	-31
0	825	-3
0	826	-43
0	827	4
0	828	-19
0	829	-5
0	830	-31
0	831	-34
0	832	-29
0	833	-43
0	834	-6
0	835	-2
0	836	-25
0	837	-35
0	838	-50
0	839	-21
0	840	-25
0	841	-21
0	842	-22
0	843	-39
0	844	-8
0	845	-18
0	846	-11
0	847	-53
0	848	-15
0	849	-33
0	850	-46
0	851	-10
0	852	-30
0	853	-41
0	854	-17
0	855	-35
0	856	-5
0	857	-36
0	858	-47
0	859	-31
0	860	-58
0	861	-30
0	862	-3
0	863	14
0	864	-22
0	865	-25
0	866	-31
0	867	-11
0	868	-5
0	869	-22
0	870	-47
0	871	5
0	872	-24
0	873	-7
0	874	-21
0	875	-47
0	876	7
0	877	-36
0	878	6
0	879	-19
0	880	-18
0	881	-24
0	882	9
0	883	-27
0	884	-16
0	885	-14
0	886	-29
0	887	-42
0	888	0
0	889	-31
0	890	-24
0	891	-6
0	892	-26
0	893	-50
0	894	-42
0	895	-51
0	896	-15
0	897	15
0	898	-13
0	899	-15
0	900	-9
0	901	32
0	902	1
0	903	-17
0	904	-38
0	905	-22
0	906	-63
0	907	-26
0	908	-27
0	909	19
0	910	-14
0	911	-9
0	912	-25
0	913	-9
0	914	8
0	915	-9
0	916	-14
0	917	-47
0	918	-20
0	919	-25
0	920	-24
0	921	-25
0	922	-29
0	923	22
0	924	-41
0	925	-5
0	926	17
0	927	-18
0	928	-15
0	929	-16
0	930	-51
0	931	-33
0	932	-41
0	933	-23
0	934	-28
0	935	35
0	936	-21
0	937	-11
0	938	-18
0	939	-49
0	940	-2
0	941	-7
0	942	-28
0	943	25
0	944	4
0	945	-14
0	946	-10
0	947	-17
0	948	23
0	949	-53
0	950	-15
0	951	-38
0	952	-35
0	953	-11
0	954	-12
0	955	-27
0	956	-43
0	957	-31
0	958	-12
0	959	-18
0	960	-38
0	961	-15
0	962	-14
0	963	-23
0	964	-18
0	965	-17
0	966	-38
0	967	-22
0	968	-20
0	969	6
0	970	-13
0	971	-58
0	972	-8
0	973	-2
0	974	-25
0	975	24
0	976	-10
0	977	-43
0	978	-44
0	979	-46
0	980	-5
0	981	-38
0	982	6
0	983	11
0	984	-7
0	985	-24
0	986	-29
0	987	-4
0	988	-14
0	989	-8
0	990	-42
0	991	-18
0	992	-21
0	993	-5
0	994	-19
0	995	-31
0	996	-13
0	997	-19
0	998	-30
0	999	-5
0	1000	-23
0	1001	-15
0	1002	-11
0	1003	-18
0	1004	-23
0	1005	-55
0	1006	-33
0	1007	-33
0	1008	-18
0	1009	4
0	1010	-39
0	1011	-43
0	1012	-7
0	1013	-40
0	1014	16
0	1015	-40
0	1016	-23
0	1017	-38
0	1018	-16
0	1019	15
0	1020	-56
0	1021	-21
0	1022	-49
0	1023	-56
1	0	33
1	1	13
1	2	1
1	3	-17
1	4	67
1	5	10
1	6	38
1	7	-55
1	8	59
1	9	22
1	10	30
1	11	-14
1	12	26
1	13	-17
1	14	25
1	15	1
1	16	68
1	17	7
1	18	34
1	19	-6
1	20	43
1	21	-31
1	22	79
1	23	-29
1	24	72
1	25	-30
1	26	28
1	27	-22
1	28	29
1	29	-25
1	30	32
1	31	-9
1	32	83
1	33	-26
1	34	52
1	35	-27
1	36	37
1	37	-23
1	38	62
1	39	-33
1	40	33
1	41	18
1	42	43
1	43	-16
1	44	53
1	45	-9
1	46	61
1	47	6
1	48	42
1	49	15
1	50	42
1	51	-15
1	52	37
1	53	-43
1	54	57
1	55	5
1	56	63
1	57	-14
1	58	36
1	59	26
1	60	58
1	61	-24
1	62	56
1	63	-5
1	64	56
1	65	-21
1	66	40
1	67	-13
1	68	24
1	69	12
1	70	46
1	71	-17
1	72	44
1	73	18
1	74	75
1	75	-4
1	76	34
1	77	-5
1	78	48
1	79	1
1	80	34
1	81	57
1	82	61
1	83	-30
1	84	43
1	85	-19
1	86	10
1	87	-25
1	88	54
1	89	-9
1	90	52
1	91	2
1	92	37
1	93	12
1	94	41
1	95	-19
1	96	46
1	97	-6
1	98	45
1	99	7
1	100	42
1	101	-5
1	102	97
1	103	-19
1	104	43
1	105	37
1	106	49
1	107	-13
1	108	35
1	109	-7
1	110	50
1	111	-38
1	112	51
1	113	-7
1	114	30
1	115	64
1	116	93
1	117	-13
1	118	65
1	119	5
1	120	42
1	121	20
1	122	49
1	123	-4
1	124	53
1	125	-6
1	126	39
1	127	-23
1	128	26
1	129	13
1	130	17
1	131	-9
1	132	62
1	133	-5
1	134	41
1	135	-19
1	136	71
1	137	-10
1	138	18
1	139	-10
1	140	28
1	141	-6
1	142	39
1	143	8
1	144	71
1	145	-8
1	146	35
1	147	-5
1	148	24
1	149	5
1	150	44
1	151	11
1	152	42
1	153	-6
1	154	29
1	155	44
1	156	15
1	157	-3
1	158	26
1	159	-36
1	160	45
1	161	11
1	162	25
1	163	20
1	164	52
1	165	-8
1	166	79
1	167	-2
1	168	43
1	169	0
1	170	43
1	171	-21
1	172	70
1	173	20
1	174	69
1	175	1
1	176	50
1	177	25
1	178	39
1	179	11
1	180	37
1	181	0
1	182	41
1	183	-36
1	184	26
1	185	-37
1	186	55
1	187	14
1	188	65
1	189	0
1	190	18
1	191	-19
1	192	32
1	193	-52
1	194	20
1	195	-49
1	196	44
1	197	24
1	198	56
1	199	-13
1	200	57
1	201	1
1	202	3
1	203	-7
1	204	47
1	205	-2
1	206	-3
1	207	17
1	208	39
1	209	3
1	210	46
1	211	-5
1	212	9
1	213	-22
1	214	4
1	215	5
1	216	43
1	217	0
1	218	49
1	219	-20
1	220	39
1	221	7
1	222	44
1	223	13
1	224	50
1	225	-10
1	226	60
1	227	-26
1	228	0
1	229	0
1	230	45
1	231	10
1	232	-5
1	233	11
1	234	65
1	235	37
1	236	48
1	237	-1
1	238	11
1	239	-20
1	240	8
1	241	2
1	242	7
1	243	-2
1	244	23
1	245	-5
1	246	35
1	247	22
1	248	76
1	249	-2
1	250	68
1	251	-24
1	252	58
1	253	-13
1	254	59
1	255	-5
1	256	39
1	257	-49
1	258	59
1	259	3
1	260	25
1	261	3
1	262	28
1	263	-26
1	264	12
1	265	-9
1	266	28
1	267	-16
1	268	9
1	269	-8
1	270	37
1	271	27
1	272	38
1	273	1
1	274	32
1	275	8
1	276	51
1	277	5
1	278	35
1	279	-14
1	280	10
1	281	1
1	282	30
1	283	-44
1	284	81
1	285	-38
1	286	3
1	287	-12
1	288	32
1	289	0
1	290	20
1	291	-24
1	292	81
1	293	-3
1	294	43
1	295	-11
1	296	56
1	297	-36
1	298	41
1	299	31
1	300	28
1	301	-8
1	302	53
1	303	-10
1	304	50
1	305	-14
1	306	42
1	307	12
1	308	63
1	309	-4
1	310	43
1	311	-2
1	312	53
1	313	1
1	314	61
1	315	7
1	316	50
1	317	-24
1	318	47
1	319	11
1	320	77
1	321	-14
1	322	38
1	323	-37
1	324	54
1	325	-5
1	326	65
1	327	14
1	328	14
1	329	7
1	330	57
1	331	-33
1	332	35
1	333	25
1	334	36
1	335	3
1	336	43
1	337	0
1	338	46
1	339	-27
1	340	47
1	341	5
1	342	46
1	343	-19
1	344	48
1	345	3
1	346	76
1	347	-9
1	348	17
1	349	-10
1	350	64
1	351	20
1	352	56
1	353	24
1	354	77
1	355	-14
1	356	60
1	357	48
1	358	35
1	359	-32
1	360	48
1	361	-4
1	362	37
1	363	-12
1	364	28
1	365	-42
1	366	33
1	367	15
1	368	37
1	369	-12
1	370	8
1	371	-22
1	372	31
1	373	17
1	374	40
1	375	23
1	376	45
1	377	8
1	378	91
1	379	-1
1	380	45
1	381	-11
1	382	49
1	383	-24
1	384	53
1	385	-15
1	386	61
1	387	10
1	388	17
1	389	16
1	390	49
1	391	-27
1	392	80
1	393	-34
1	394	1
1	395	-8
1	396	57
1	397	-24
1	398	57
1	399	20
1	400	45
1	401	-22
1	402	46
1	403	-9
1	404	41
1	405	14
1	406	36
1	407	0
1	408	70
1	409	-15
1	410	30
1	411	-30
1	412	20
1	413	18
1	414	79
1	415	-7
1	416	63
1	417	-8
1	418	23
1	419	-33
1	420	59
1	421	39
1	422	60
1	423	0
1	424	67
1	425	-1
1	426	26
1	427	14
1	428	58
1	429	-18
1	430	28
1	431	15
1	432	-3
1	433	-5
1	434	55
1	435	-3
1	436	18
1	437	37
1	438	57
1	439	16
1	440	36
1	441	-36
1	442	42
1	443	-32
1	444	18
1	445	29
1	446	28
1	447	-20
1	448	42
1	449	-25
1	450	75
1	451	-2
1	452	52
1	453	0
1	454	78
1	455	2
1	456	36
1	457	20
1	458	27
1	459	21
1	460	81
1	461	1
1	462	76
1	463	-46
1	464	61
1	465	-35
1	466	63
1	467	-18
1	468	46
1	469	30
1	470	50
1	471	15
1	472	26
1	473	-17
1	474	13
1	475	-2
1	476	27
1	477	-14
1	478	20
1	479	-2
1	480	74
1	481	-18
1	482	49
1	483	-26
1	484	77
1	485	-7
1	486	44
1	487	-17
1	488	24
1	489	-7
1	490	65
1	491	-5
1	492	42
1	493	-6
1	494	57
1	495	-27
1	496	25
1	497	-4
1	498	-5
1	499	-84
1	500	-26
1	501	-59
1	502	-13
1	503	-91
1	504	46
1	505	6
1	506	44
1	507	23
1	508	22
1	509	-39
1	510	58
1	511	-12
1	512	-25
1	513	-12
1	514	-6
1	515	-30
1	516	-29
1	517	-43
1	518	-32
1	519	-64
1	520	-30
1	521	-16
1	522	-36
1	523	-32
1	524	33
1	525	-9
1	526	-9
1	527	-10
1	528	-37
1	529	-63
1	530	-2
1	531	7
1	532	20
1	533	-26
1	534	-59
1	535	-11
1	536	10
1	537	-16
1	538	-19
1	539	-11
1	540	23
1	541	-6
1	542	-33
1	543	-45
1	544	-13
1	545	-14
1	546	-22
1	547	-14
1	548	-34
1	549	-27
1	550	-8
1	551	-27
1	552	13
1	553	-11
1	554	4
1	555	6
1	556	-10
1	557	-32
1	558	-19
1	559	-35
1	560	-30
1	561	-20
1	562	11
1	563	-28
1	564	-27
1	565	-2
1	566	-31
1	567	-61
1	568	-2
1	569	-18
1	570	-4
1	571	-4
1	572	-25
1	573	2
1	574	9
1	575	-44
1	576	5
1	577	-40
1	578	-25
1	579	10
1	580	-10
1	581	-36
1	582	-20
1	583	21
1	584	13
1	585	-29
1	586	-11
1	587	-12
1	588	-29
1	589	24
1	590	-4
1	591	-41
1	592	-6
1	593	-24
1	594	3
1	595	-20
1	596	-20
1	597	-5
1	598	-12
1	599	-26
1	600	5
1	601	-35
1	602	-26
1	603	-6
1	604	-16
1	605	-4
1	606	-6
1	607	-8
1	608	-24
1	609	24
1	610	7
1	611	-46
1	612	-44
1	613	-13
1	614	-6
1	615	-26
1	616	-50
1	617	-21
1	618	-6
1	619	-20
1	620	-34
1	621	9
1	622	-6
1	623	-20
1	624	0
1	625	-36
1	626	-32
1	627	16
1	628	-18
1	629	-44
1	630	-24
1	631	-30
1	632	-12
1	633	-4
1	634	-1
1	635	-39
1	636	15
1	637	-13
1	638	-30
1	639	-31
1	640	30
1	641	-42
1	642	-32
1	643	-35
1	644	6
1	645	-58
1	646	-19
1	647	-25
1	648	-56
1	649	-2
1	650	1
1	651	17
1	652	-12
1	653	0
1	654	-18
1	655	-26
1	656	-38
1	657	-46
1	658	-9
1	659	21
1	660	-31
1	661	-48
1	662	-49
1	663	20
1	664	-3
1	665	-29
1	666	-68
1	667	8
1	668	-37
1	669	-25
1	670	-11
1	671	0
1	672	-22
1	673	-16
1	674	-23
1	675	13
1	676	-20
1	677	-6
1	678	-4
1	679	-12
1	680	-14
1	681	-26
1	682	-29
1	683	-28
1	684	-14
1	685	-33
1	686	-13
1	687	1
1	688	-4
1	689	-13
1	690	-22
1	691	-1
1	692	-4
1	693	-41
1	694	-52
1	695	10
1	696	-2
1	697	-15
1	698	-12
1	699	-31
1	700	-11
1	701	40
1	702	-4
1	703	-20
1	704	-45
1	705	4
1	706	-57
1	707	-30
1	708	-33
1	709	-39
1	710	4
1	711	-22
1	712	5
1	713	-15
1	714	-25
1	715	-14
1	716	-16
1	717	-9
1	718	-39
1	719	17
1	720	-20
1	721	-34
1	722	9
1	723	-13
1	724	-43
1	725	-3
1	726	-46
1	727	-14
1	728	-26
1	729	-45
1	730	8
1	731	-11
1	732	-13
1	733	6
1	734	28
1	735	-27
1	736	36
1	737	-34
1	738	-57
1	739	-9
1	740	8
1	741	-9
1	742	5
1	743	-37
1	744	-29
1	745	-25
1	746	-37
1	747	-37
1	748	-12
1	749	-33
1	750	-10
1	751	6
1	752	-20
1	753	-67
1	754	14
1	755	-26
1	756	-14
1	757	-43
1	758	-54
1	759	-35
1	760	-10
1	761	33
1	762	-11
1	763	20
1	764	-31
1	765	-13
1	766	-50
1	767	8
1	768	-39
1	769	-55
1	770	-44
1	771	-67
1	772	-28
1	773	16
1	774	-38
1	775	-26
1	776	-45
1	777	-34
1	778	-24
1	779	-43
1	780	-9
1	781	-14
1	782	-11
1	783	-15
1	784	8
1	785	-6
1	786	0
1	787	-40
1	788	8
1	789	-26
1	790	-24
1	791	9
1	792	4
1	793	-20
1	794	33
1	795	-34
1	796	6
1	797	-47
1	798	-13
1	799	-5
1	800	-34
1	801	-21
1	802	-2
1	803	-4
1	804	-45
1	805	-6
1	806	-29
1	807	-58
1	808	-6
1	809	3
1	810	-15
1	811	17
1	812	14
1	813	-22
1	814	-34
1	815	-38
1	816	-46
1	817	-34
1	818	11
1	819	-54
1	820	-27
1	821	-63
1	822	-9
1	823	-35
1	824	4
1	825	4
1	826	-15
1	827	-27
1	828	-4
1	829	-3
1	830	-14
1	831	-19
1	832	-34
1	833	-34
1	834	17
1	835	8
1	836	-3
1	837	-8
1	838	-45
1	839	-14
1	840	-10
1	841	-44
1	842	-16
1	843	-1
1	844	-14
1	845	4
1	846	2
1	847	5
1	848	-10
1	849	15
1	850	-1
1	851	0
1	852	7
1	853	-5
1	854	-27
1	855	-15
1	856	-50
1	857	-2
1	858	-56
1	859	-12
1	860	-41
1	861	-39
1	862	-23
1	863	5
1	864	-28
1	865	-29
1	866	-16
1	867	-52
1	868	11
1	869	-50
1	870	-10
1	871	-30
1	872	-28
1	873	-51
1	874	-51
1	875	-33
1	876	-11
1	877	-27
1	878	-41
1	879	-9
1	880	-18
1	881	-12
1	882	-26
1	883	-43
1	884	8
1	885	-76
1	886	-17
1	887	5
1	888	13
1	889	-9
1	890	-23
1	891	-5
1	892	-16
1	893	22
1	894	-25
1	895	-8
1	896	-15
1	897	-40
1	898	-16
1	899	0
1	900	17
1	901	-25
1	902	-29
1	903	-46
1	904	11
1	905	20
1	906	-51
1	907	-12
1	908	0
1	909	-48
1	910	-26
1	911	-19
1	912	-41
1	913	-75
1	914	-16
1	915	5
1	916	-7
1	917	-2
1	918	-39
1	919	10
1	920	-34
1	921	-15
1	922	-48
1	923	-2
1	924	-38
1	925	-32
1	926	12
1	927	-1
1	928	-39
1	929	2
1	930	-35
1	931	-34
1	932	1
1	933	-20
1	934	-22
1	935	-35
1	936	-14
1	937	-31
1	938	-20
1	939	10
1	940	-66
1	941	16
1	942	-39
1	943	-38
1	944	-60
1	945	-57
1	946	-23
1	947	-44
1	948	-22
1	949	-13
1	950	-45
1	951	2
1	952	-8
1	953	-38
1	954	-18
1	955	-47
1	956	-13
1	957	-9
1	958	-44
1	959	-19
1	960	-6
1	961	-47
1	962	-31
1	963	-19
1	964	-32
1	965	-21
1	966	-20
1	967	15
1	968	-20
1	969	6
1	970	-55
1	971	-49
1	972	-1
1	973	-44
1	974	-8
1	975	1
1	976	16
1	977	-42
1	978	-10
1	979	-3
1	980	-21
1	981	-40
1	982	-20
1	983	-11
1	984	-22
1	985	-35
1	986	-28
1	987	19
1	988	-37
1	989	-2
1	990	-20
1	991	-14
1	992	-41
1	993	-15
1	994	-26
1	995	-1
1	996	-34
1	997	-29
1	998	-8
1	999	-6
1	1000	-21
1	1001	19
1	1002	-13
1	1003	-15
1	1004	-38
1	1005	-55
1	1006	-6
1	1007	-55
1	1008	-14
1	1009	-4
1	1010	-11
1	1011	-7
1	1012	-78
1	1013	-44
1	1014	-2
1	1015	-28
1	1016	-46
1	1017	-28
1	1018	-14
1	1019	-44
1	1020	-35
1	1021	-50
1	1022	-22
1	1023	-26
2	0	70
2	1	26
2	2	37
2	3	-24
2	4	38
2	5	-22
2	6	64
2	7	-9
2	8	15
2	9	-31
2	10	72
2	11	-20
2	12	35
2	13	-39
2	14	35
2	15	-30
2	16	72
2	17	8
2	18	41
2	19	-3
2	20	46
2	21	14
2	22	67
2	23	-38
2	24	18
2	25	-22
2	26	23
2	27	-28
2	28	61
2	29	27
2	30	37
2	31	4
2	32	21
2	33	19
2	34	79
2	35	-20
2	36	44
2	37	16
2	38	59
2	39	-3
2	40	11
2	41	11
2	42	47
2	43	-3
2	44	40
2	45	9
2	46	42
2	47	-17
2	48	84
2	49	3
2	50	47
2	51	-26
2	52	18
2	53	-19
2	54	46
2	55	37
2	56	33
2	57	-20
2	58	83
2	59	0
2	60	51
2	61	26
2	62	44
2	63	-9
2	64	27
2	65	-22
2	66	50
2	67	-38
2	68	37
2	69	-23
2	70	45
2	71	-15
2	72	43
2	73	14
2	74	81
2	75	6
2	76	-3
2	77	23
2	78	39
2	79	14
2	80	54
2	81	3
2	82	60
2	83	19
2	84	67
2	85	-2
2	86	43
2	87	-7
2	88	13
2	89	-25
2	90	73
2	91	39
2	92	33
2	93	4
2	94	46
2	95	-19
2	96	69
2	97	-3
2	98	34
2	99	-28
2	100	24
2	101	-2
2	102	26
2	103	25
2	104	77
2	105	-34
2	106	27
2	107	-1
2	108	48
2	109	-18
2	110	38
2	111	-24
2	112	59
2	113	25
2	114	64
2	115	-1
2	116	15
2	117	-51
2	118	87
2	119	14
2	120	50
2	121	-13
2	122	41
2	123	-25
2	124	31
2	125	-37
2	126	45
2	127	20
2	128	71
2	129	-6
2	130	55
2	131	-12
2	132	-6
2	133	1
2	134	24
2	135	-47
2	136	49
2	137	7
2	138	18
2	139	0
2	140	53
2	141	24
2	142	68
2	143	-15
2	144	44
2	145	-6
2	146	53
2	147	0
2	148	61
2	149	-36
2	150	57
2	151	-25
2	152	33
2	153	-21
2	154	95
2	155	-23
2	156	56
2	157	-28
2	158	35
2	159	9
2	160	9
2	161	-17
2	162	53
2	163	-19
2	164	24
2	165	-14
2	166	23
2	167	-37
2	168	40
2	169	7
2	170	66
2	171	2
2	172	53
2	173	9
2	174	54
2	175	1
2	176	72
2	177	2
2	178	18
2	179	-18
2	180	47
2	181	3
2	182	49
2	183	65
2	184	79
2	185	20
2	186	67
2	187	-2
2	188	8
2	189	-78
2	190	16
2	191	-31
2	192	73
2	193	-29
2	194	23
2	195	-30
2	196	28
2	197	6
2	198	37
2	199	-15
2	200	53
2	201	-29
2	202	56
2	203	-48
2	204	93
2	205	24
2	206	26
2	207	-3
2	208	37
2	209	-20
2	210	66
2	211	-38
2	212	60
2	213	-3
2	214	72
2	215	19
2	216	31
2	217	-41
2	218	50
2	219	5
2	220	44
2	221	-46
2	222	32
2	223	-43
2	224	0
2	225	2
2	226	69
2	227	19
2	228	51
2	229	5
2	230	46
2	231	-6
2	232	-13
2	233	41
2	234	57
2	235	4
2	236	23
2	237	-25
2	238	35
2	239	14
2	240	57
2	241	52
2	242	8
2	243	-3
2	244	20
2	245	-18
2	246	33
2	247	-19
2	248	35
2	249	-13
2	250	22
2	251	-29
2	252	52
2	253	-23
2	254	53
2	255	-33
2	256	59
2	257	-5
2	258	45
2	259	-29
2	260	12
2	261	-6
2	262	79
2	263	-10
2	264	48
2	265	18
2	266	34
2	267	-38
2	268	35
2	269	-13
2	270	38
2	271	-19
2	272	59
2	273	-12
2	274	60
2	275	21
2	276	46
2	277	-2
2	278	58
2	279	28
2	280	30
2	281	25
2	282	53
2	283	2
2	284	24
2	285	-20
2	286	49
2	287	-28
2	288	54
2	289	-6
2	290	54
2	291	14
2	292	10
2	293	-31
2	294	59
2	295	-19
2	296	58
2	297	21
2	298	45
2	299	2
2	300	66
2	301	22
2	302	9
2	303	-25
2	304	111
2	305	-31
2	306	46
2	307	-15
2	308	48
2	309	12
2	310	4
2	311	4
2	312	50
2	313	38
2	314	36
2	315	-43
2	316	38
2	317	16
2	318	20
2	319	-7
2	320	69
2	321	-23
2	322	46
2	323	-45
2	324	55
2	325	-46
2	326	13
2	327	-17
2	328	29
2	329	-49
2	330	30
2	331	-31
2	332	56
2	333	-12
2	334	25
2	335	-14
2	336	61
2	337	-7
2	338	31
2	339	31
2	340	60
2	341	-11
2	342	58
2	343	1
2	344	58
2	345	-33
2	346	48
2	347	-25
2	348	52
2	349	-16
2	350	48
2	351	13
2	352	30
2	353	12
2	354	69
2	355	-35
2	356	38
2	357	-12
2	358	52
2	359	24
2	360	62
2	361	-22
2	362	66
2	363	22
2	364	26
2	365	19
2	366	55
2	367	-37
2	368	12
2	369	-14
2	370	46
2	371	-14
2	372	57
2	373	-3
2	374	35
2	375	-18
2	376	21
2	377	-2
2	378	87
2	379	-29
2	380	29
2	381	-32
2	382	60
2	383	11
2	384	43
2	385	-52
2	386	26
2	387	6
2	388	58
2	389	-11
2	390	63
2	391	-18
2	392	54
2	393	30
2	394	43
2	395	3
2	396	34
2	397	-40
2	398	50
2	399	19
2	400	29
2	401	-1
2	402	42
2	403	-31
2	404	0
2	405	-9
2	406	46
2	407	-16
2	408	73
2	409	-9
2	410	54
2	411	-31
2	412	61
2	413	0
2	414	63
2	415	-2
2	416	53
2	417	-28
2	418	38
2	419	-76
2	420	42
2	421	4
2	422	16
2	423	-12
2	424	42
2	425	-16
2	426	57
2	427	18
2	428	25
2	429	-40
2	430	92
2	431	-23
2	432	34
2	433	5
2	434	60
2	435	-7
2	436	-1
2	437	-54
2	438	47
2	439	-25
2	440	26
2	441	-47
2	442	34
2	443	-20
2	444	3
2	445	2
2	446	29
2	447	-27
2	448	9
2	449	-17
2	450	64
2	451	40
2	452	71
2	453	-3
2	454	66
2	455	-7
2	456	51
2	457	-36
2	458	57
2	459	-24
2	460	44
2	461	0
2	462	52
2	463	-31
2	464	17
2	465	32
2	466	26
2	467	-27
2	468	52
2	469	-18
2	470	75
2	471	-30
2	472	63
2	473	-24
2	474	73
2	475	7
2	476	47
2	477	-18
2	478	63
2	479	-8
2	480	49
2	481	-16
2	482	57
2	483	-25
2	484	34
2	485	12
2	486	98
2	487	-16
2	488	0
2	489	-31
2	490	26
2	491	-28
2	492	16
2	493	5
2	494	85
2	495	36
2	496	65
2	497	20
2	498	-45
2	499	-110
2	500	-24
2	501	-79
2	502	-26
2	503	-101
2	504	56
2	505	10
2	506	41
2	507	-3
2	508	5
2	509	4
2	510	20
2	511	-24
2	512	22
2	513	-47
2	514	-5
2	515	-18
2	516	-10
2	517	10
2	518	-20
2	519	-15
2	520	6
2	521	14
2	522	-9
2	523	-8
2	524	11
2	525	-32
2	526	8
2	527	-47
2	528	-15
2	529	-15
2	530	-48
2	531	-64
2	532	-23
2	533	-30
2	534	23
2	535	-17
2	536	-26
2	537	-29
2	538	-19
2	539	-24
2	540	-4
2	541	-20
2	542	-59
2	543	-35
2	544	7
2	545	6
2	546	0
2	547	2
2	548	-23
2	549	-36
2	550	-5
2	551	-60
2	552	18
2	553	-27
2	554	-8
2	555	13
2	556	-2
2	557	0
2	558	-38
2	559	16
2	560	4
2	561	26
2	562	-11
2	563	-28
2	564	-33
2	565	16
2	566	7
2	567	-12
2	568	-6
2	569	-8
2	570	-1
2	571	-9
2	572	12
2	573	11
2	574	3
2	575	-5
2	576	-11
2	577	-53
2	578	-22
2	579	-8
2	580	-42
2	581	-43
2	582	-33
2	583	-21
2	584	3
2	585	-20
2	586	-17
2	587	6
2	588	27
2	589	-10
2	590	-59
2	591	-41
2	592	-23
2	593	-36
2	594	-13
2	595	8
2	596	-51
2	597	-9
2	598	-32
2	599	-4
2	600	-30
2	601	5
2	602	-19
2	603	1
2	604	-26
2	605	-15
2	606	-29
2	607	-9
2	608	-16
2	609	-34
2	610	-23
2	611	-8
2	612	-43
2	613	-16
2	614	0
2	615	14
2	616	-21
2	617	14
2	618	9
2	619	-12
2	620	8
2	621	-40
2	622	5
2	623	-19
2	624	6
2	625	-11
2	626	-5
2	627	-37
2	628	-12
2	629	-11
2	630	39
2	631	-17
2	632	2
2	633	21
2	634	-49
2	635	10
2	636	-26
2	637	-28
2	638	-32
2	639	-29
2	640	-3
2	641	-16
2	642	-36
2	643	20
2	644	17
2	645	-23
2	646	-5
2	647	3
2	648	-46
2	649	-30
2	650	-34
2	651	-32
2	652	-16
2	653	-42
2	654	-16
2	655	-53
2	656	-7
2	657	-25
2	658	-12
2	659	-27
2	660	-26
2	661	-23
2	662	-34
2	663	-11
2	664	-17
2	665	-13
2	666	25
2	667	-34
2	668	3
2	669	-48
2	670	-60
2	671	-43
2	672	7
2	673	-29
2	674	-52
2	675	-16
2	676	2
2	677	-62
2	678	-8
2	679	4
2	680	-3
2	681	-18
2	682	0
2	683	0
2	684	-44
2	685	-5
2	686	-59
2	687	-6
2	688	-26
2	689	-27
2	690	-7
2	691	-28
2	692	-37
2	693	-22
2	694	-33
2	695	0
2	696	-23
2	697	-19
2	698	-13
2	699	-18
2	700	-18
2	701	11
2	702	-44
2	703	-37
2	704	-41
2	705	25
2	706	-9
2	707	-12
2	708	-28
2	709	-62
2	710	27
2	711	-13
2	712	-21
2	713	-49
2	714	-46
2	715	8
2	716	-12
2	717	-27
2	718	2
2	719	-30
2	720	-26
2	721	-48
2	722	8
2	723	-34
2	724	-54
2	725	12
2	726	-36
2	727	-28
2	728	37
2	729	-9
2	730	-5
2	731	-14
2	732	-27
2	733	5
2	734	15
2	735	9
2	736	-12
2	737	-49
2	738	-13
2	739	-25
2	740	-3
2	741	-16
2	742	-57
2	743	1
2	744	-8
2	745	-27
2	746	11
2	747	-8
2	748	3
2	749	-20
2	750	-71
2	751	-7
2	752	-8
2	753	-16
2	754	-8
2	755	-7
2	756	12
2	757	8
2	758	-6
2	759	-12
2	760	-24
2	761	-17
2	762	1
2	763	-18
2	764	-8
2	765	-20
2	766	-49
2	767	-14
2	768	-10
2	769	-29
2	770	-22
2	771	-55
2	772	-27
2	773	-31
2	774	-16
2	775	-7
2	776	-27
2	777	-1
2	778	-15
2	779	-40
2	780	-26
2	781	-26
2	782	-38
2	783	-21
2	784	10
2	785	-23
2	786	-14
2	787	-12
2	788	4
2	789	-37
2	790	4
2	791	-27
2	792	-22
2	793	-27
2	794	28
2	795	-41
2	796	-26
2	797	-5
2	798	-11
2	799	4
2	800	3
2	801	9
2	802	-71
2	803	-40
2	804	-42
2	805	-16
2	806	-9
2	807	12
2	808	-20
2	809	11
2	810	-38
2	811	-6
2	812	-47
2	813	14
2	814	-7
2	815	6
2	816	-17
2	817	-35
2	818	-40
2	819	-28
2	820	-36
2	821	-26
2	822	-9
2	823	10
2	824	2
2	825	-16
2	826	-36
2	827	-51
2	828	-2
2	829	-5
2	830	7
2	831	-6
2	832	0
2	833	-59
2	834	-57
2	835	-30
2	836	-38
2	837	-15
2	838	-3
2	839	-6
2	840	24
2	841	-12
2	842	-29
2	843	18
2	844	-24
2	845	-13
2	846	-29
2	847	-11
2	848	-30
2	849	-21
2	850	19
2	851	-16
2	852	-45
2	853	-29
2	854	4
2	855	-15
2	856	21
2	857	-4
2	858	-20
2	859	0
2	860	-7
2	861	-44
2	862	-58
2	863	20
2	864	-30
2	865	-29
2	866	-3
2	867	-34
2	868	-19
2	869	-29
2	870	19
2	871	-24
2	872	3
2	873	-18
2	874	-43
2	875	1
2	876	-26
2	877	3
2	878	-55
2	879	-23
2	880	-25
2	881	-2
2	882	-21
2	883	-64
2	884	12
2	885	-12
2	886	-37
2	887	-43
2	888	0
2	889	-13
2	890	38
2	891	17
2	892	-49
2	893	-12
2	894	38
2	895	-16
2	896	4
2	897	-49
2	898	18
2	899	-4
2	900	-56
2	901	-9
2	902	0
2	903	-25
2	904	-2
2	905	-53
2	906	-10
2	907	-34
2	908	-5
2	909	-49
2	910	-20
2	911	-5
2	912	-46
2	913	-18
2	914	-36
2	915	-49
2	916	-18
2	917	-6
2	918	7
2	919	-25
2	920	-19
2	921	-62
2	922	-20
2	923	-15
2	924	-26
2	925	16
2	926	-30
2	927	-26
2	928	-54
2	929	-21
2	930	-13
2	931	-27
2	932	-27
2	933	-20
2	934	-24
2	935	34
2	936	-9
2	937	-15
2	938	10
2	939	-24
2	940	-35
2	941	-23
2	942	-3
2	943	3
2	944	-39
2	945	-52
2	946	26
2	947	-23
2	948	-18
2	949	0
2	950	-35
2	951	3
2	952	-31
2	953	-21
2	954	-26
2	955	-35
2	956	-34
2	957	-27
2	958	1
2	959	-47
2	960	-11
2	961	-48
2	962	-44
2	963	9
2	964	1
2	965	-21
2	966	-17
2	967	-41
2	968	11
2	969	-13
2	970	-5
2	971	-15
2	972	4
2	973	-12
2	974	-11
2	975	-41
2	976	-58
2	977	-11
2	978	-16
2	979	-51
2	980	-1
2	981	-29
2	982	-26
2	983	-34
2	984	-35
2	985	-11
2	986	-15
2	987	-50
2	988	-45
2	989	-37
2	990	-11
2	991	-18
2	992	-9
2	993	3
2	994	-29
2	995	-25
2	996	-16
2	997	7
2	998	-17
2	999	-15
2	1000	-34
2	1001	1
2	1002	-37
2	1003	-38
2	1004	-3
2	1005	-22
2	1006	-13
2	1007	-28
2	1008	-2
2	1009	-8
2	1010	-61
2	1011	-11
2	1012	-52
2	1013	-23
2	1014	-66
2	1015	-48
2	1016	33
2	1017	-34
2	1018	-8
2	1019	-30
2	1020	-18
2	1021	-13
2	1022	-31
2	1023	-17
3	0	28
3	1	-10
3	2	33
3	3	0
3	4	32
3	5	7
3	6	37
3	7	-22
3	8	39
3	9	-1
3	10	64
3	11	-49
3	12	31
3	13	-17
3	14	56
3	15	10
3	16	47
3	17	-20
3	18	84
3	19	-1
3	20	53
3	21	12
3	22	55
3	23	23
3	24	31
3	25	-8
3	26	58
3	27	-25
3	28	39
3	29	15
3	30	65
3	31	0
3	32	51
3	33	-11
3	34	23
3	35	0
3	36	35
3	37	23
3	38	72
3	39	31
3	40	23
3	41	-6
3	42	46
3	43	-15
3	44	20
3	45	-30
3	46	43
3	47	-23
3	48	17
3	49	0
3	50	66
3	51	-10
3	52	42
3	53	-10
3	54	26
3	55	13
3	56	49
3	57	1
3	58	71
3	59	-37
3	60	60
3	61	-24
3	62	66
3	63	24
3	64	35
3	65	-37
3	66	55
3	67	35
3	68	13
3	69	-13
3	70	5
3	71	-35
3	72	75
3	73	11
3	74	68
3	75	23
3	76	57
3	77	0
3	78	71
3	79	8
3	80	20
3	81	-8
3	82	55
3	83	-2
3	84	44
3	85	8
3	86	57
3	87	-32
3	88	39
3	89	-25
3	90	55
3	91	-11
3	92	19
3	93	6
3	94	22
3	95	27
3	96	59
3	97	-18
3	98	14
3	99	24
3	100	38
3	101	45
3	102	73
3	103	-17
3	104	35
3	105	-11
3	106	50
3	107	-6
3	108	51
3	109	-11
3	110	32
3	111	-9
3	112	28
3	113	14
3	114	62
3	115	-22
3	116	65
3	117	-19
3	118	41
3	119	-33
3	120	16
3	121	-36
3	122	52
3	123	-23
3	124	55
3	125	17
3	126	70
3	127	3
3	128	50
3	129	2
3	130	24
3	131	-21
3	132	57
3	133	2
3	134	17
3	135	-1
3	136	59
3	137	-12
3	138	80
3	139	-16
3	140	9
3	141	-17
3	142	18
3	143	33
3	144	83
3	145	26
3	146	24
3	147	-30
3	148	31
3	149	4
3	150	63
3	151	-12
3	152	47
3	153	19
3	154	84
3	155	13
3	156	64
3	157	-9
3	158	47
3	159	-29
3	160	45
3	161	-1
3	162	18
3	163	18
3	164	55
3	165	35
3	166	59
3	167	-7
3	168	31
3	169	10
3	170	69
3	171	-1
3	172	19
3	173	24
3	174	19
3	175	-24
3	176	79
3	177	16
3	178	63
3	179	-14
3	180	36
3	181	14
3	182	30
3	183	-29
3	184	4
3	185	-13
3	186	48
3	187	-5
3	188	45
3	189	-6
3	190	32
3	191	-6
3	192	24
3	193	-11
3	194	24
3	195	17
3	196	79
3	197	1
3	198	37
3	199	-20
3	200	27
3	201	36
3	202	22
3	203	25
3	204	63
3	205	-11
3	206	51
3	207	7
3	208	19
3	209	-23
3	210	41
3	211	15
3	212	42
3	213	-2
3	214	26
3	215	14
3	216	44
3	217	-44
3	218	56
3	219	5
3	220	23
3	221	12
3	222	46
3	223	0
3	224	29
3	225	29
3	226	68
3	227	-29
3	228	21
3	229	-21
3	230	24
3	231	-38
3	232	79
3	233	11
3	234	28
3	235	-20
3	236	126
3	237	-22
3	238	19
3	239	-38
3	240	54
3	241	-26
3	242	63
3	243	-25
3	244	34
3	245	-42
3	246	45
3	247	41
3	248	49
3	249	-20
3	250	2
3	251	-31
3	252	45
3	253	-13
3	254	106
3	255	-18
3	256	46
3	257	-1
3	258	25
3	259	-13
3	260	51
3	261	19
3	262	60
3	263	3
3	264	47
3	265	-28
3	266	48
3	267	9
3	268	49
3	269	-22
3	270	36
3	271	-44
3	272	46
3	273	-19
3	274	57
3	275	22
3	276	32
3	277	-19
3	278	79
3	279	-10
3	280	38
3	281	-26
3	282	73
3	283	-9
3	284	74
3	285	-39
3	286	43
3	287	1
3	288	82
3	289	26
3	290	49
3	291	-9
3	292	47
3	293	0
3	294	49
3	295	3
3	296	55
3	297	28
3	298	54
3	299	-23
3	300	2
3	301	-8
3	302	73
3	303	-33
3	304	75
3	305	-32
3	306	60
3	307	-32
3	308	56
3	309	-26
3	310	34
3	311	26
3	312	63
3	313	22
3	314	38
3	315	-11
3	316	66
3	317	28
3	318	62
3	319	35
3	320	34
3	321	-14
3	322	36
3	323	-3
3	324	50
3	325	-3
3	326	50
3	327	-42
3	328	49
3	329	-15
3	330	85
3	331	-39
3	332	53
3	333	6
3	334	8
3	335	-36
3	336	53
3	337	17
3	338	20
3	339	-14
3	340	28
3	341	22
3	342	29
3	343	-8
3	344	48
3	345	-4
3	346	32
3	347	23
3	348	60
3	349	-39
3	350	60
3	351	-23
3	352	55
3	353	-15
3	354	35
3	355	-12
3	356	41
3	357	7
3	358	65
3	359	25
3	360	102
3	361	-16
3	362	49
3	363	-39
3	364	44
3	365	-2
3	366	58
3	367	16
3	368	24
3	369	-12
3	370	74
3	371	-15
3	372	30
3	373	-45
3	374	86
3	375	-28
3	376	52
3	377	-17
3	378	95
3	379	21
3	380	36
3	381	7
3	382	60
3	383	7
3	384	13
3	385	3
3	386	54
3	387	-16
3	388	50
3	389	-19
3	390	78
3	391	-29
3	392	44
3	393	29
3	394	68
3	395	-17
3	396	22
3	397	-34
3	398	56
3	399	12
3	400	60
3	401	-6
3	402	30
3	403	-28
3	404	40
3	405	19
3	406	28
3	407	-20
3	408	52
3	409	19
3	410	31
3	411	-32
3	412	118
3	413	4
3	414	30
3	415	-20
3	416	91
3	417	6
3	418	49
3	419	48
3	420	14
3	421	-16
3	422	61
3	423	-23
3	424	15
3	425	4
3	426	50
3	427	-30
3	428	51
3	429	11
3	430	34
3	431	-41
3	432	23
3	433	4
3	434	16
3	435	-2
3	436	41
3	437	-5
3	438	16
3	439	-50
3	440	37
3	441	-15
3	442	39
3	443	0
3	444	47
3	445	-2
3	446	20
3	447	0
3	448	35
3	449	-29
3	450	61
3	451	-1
3	452	23
3	453	-14
3	454	60
3	455	-41
3	456	59
3	457	-63
3	458	35
3	459	-48
3	460	38
3	461	16
3	462	36
3	463	-42
3	464	42
3	465	7
3	466	88
3	467	-39
3	468	35
3	469	-14
3	470	29
3	471	-18
3	472	54
3	473	-29
3	474	67
3	475	-21
3	476	63
3	477	-28
3	478	70
3	479	-37
3	480	47
3	481	23
3	482	62
3	483	-34
3	484	48
3	485	-22
3	486	31
3	487	-41
3	488	53
3	489	-18
3	490	13
3	491	-43
3	492	86
3	493	-1
3	494	25
3	495	-21
3	496	27
3	497	33
3	498	-12
3	499	-121
3	500	-56
3	501	-56
3	502	-40
3	503	-79
3	504	35
3	505	4
3	506	50
3	507	-17
3	508	36
3	509	5
3	510	13
3	511	-12
3	512	2
3	513	13
3	514	-16
3	515	-24
3	516	-29
3	517	-20
3	518	-22
3	519	-25
3	520	-9
3	521	19
3	522	-15
3	523	-48
3	524	-23
3	525	-41
3	526	-28
3	527	-50
3	528	-7
3	529	-31
3	530	-43
3	531	-13
3	532	-32
3	533	-8
3	534	-8
3	535	-20
3	536	4
3	537	-12
3	538	-7
3	539	3
3	540	-49
3	541	-9
3	542	-5
3	543	2
3	544	-39
3	545	-2
3	546	-43
3	547	-17
3	548	-36
3	549	-51
3	550	-15
3	551	-38
3	552	-8
3	553	1
3	554	-30
3	555	-50
3	556	-71
3	557	-3
3	558	-19
3	559	-47
3	560	0
3	561	-21
3	562	-34
3	563	-27
3	564	-15
3	565	-32
3	566	-10
3	567	-1
3	568	14
3	569	-27
3	570	-40
3	571	1
3	572	-13
3	573	-15
3	574	0
3	575	-24
3	576	-73
3	577	-24
3	578	-31
3	579	-12
3	580	-36
3	581	-52
3	582	11
3	583	-29
3	584	-20
3	585	11
3	586	-19
3	587	-51
3	588	-30
3	589	7
3	590	6
3	591	43
3	592	12
3	593	-30
3	594	23
3	595	-7
3	596	-3
3	597	-24
3	598	-33
3	599	-12
3	600	-43
3	601	-42
3	602	2
3	603	-36
3	604	-4
3	605	10
3	606	-14
3	607	-29
3	608	-30
3	609	-19
3	610	1
3	611	-29
3	612	-20
3	613	-15
3	614	-26
3	615	-29
3	616	-23
3	617	-55
3	618	-34
3	619	-45
3	620	1
3	621	-41
3	622	-15
3	623	4
3	624	-15
3	625	-35
3	626	-17
3	627	-25
3	628	-26
3	629	-11
3	630	-17
3	631	-29
3	632	-1
3	633	-46
3	634	-30
3	635	-10
3	636	-21
3	637	-10
3	638	-5
3	639	-32
3	640	10
3	641	-9
3	642	-37
3	643	-15
3	644	-21
3	645	-31
3	646	-40
3	647	-28
3	648	-44
3	649	-64
3	650	-17
3	651	-34
3	652	-8
3	653	-47
3	654	-13
3	655	21
3	656	-40
3	657	-40
3	658	39
3	659	0
3	660	-7
3	661	22
3	662	2
3	663	-24
3	664	-31
3	665	-28
3	666	-15
3	667	7
3	668	-58
3	669	-30
3	670	3
3	671	-30
3	672	-17
3	673	14
3	674	15
3	675	-16
3	676	-16
3	677	-44
3	678	-18
3	679	-51
3	680	-62
3	681	-33
3	682	-44
3	683	-28
3	684	10
3	685	20
3	686	-14
3	687	-15
3	688	-31
3	689	-3
3	690	-27
3	691	-4
3	692	-20
3	693	-7
3	694	-32
3	695	-7
3	696	0
3	697	13
3	698	27
3	699	6
3	700	-49
3	701	-31
3	702	-50
3	703	-47
3	704	-14
3	705	-32
3	706	-15
3	707	-18
3	708	12
3	709	-28
3	710	-21
3	711	-28
3	712	-15
3	713	-5
3	714	-3
3	715	-26
3	716	12
3	717	-9
3	718	-46
3	719	-4
3	720	-13
3	721	-48
3	722	-13
3	723	-30
3	724	-19
3	725	-35
3	726	-59
3	727	-6
3	728	1
3	729	3
3	730	-40
3	731	-27
3	732	3
3	733	24
3	734	-49
3	735	-43
3	736	-22
3	737	-19
3	738	-49
3	739	-30
3	740	-15
3	741	-65
3	742	-26
3	743	-6
3	744	-5
3	745	-8
3	746	-20
3	747	-14
3	748	-27
3	749	19
3	750	-19
3	751	-13
3	752	-32
3	753	-24
3	754	-9
3	755	-19
3	756	8
3	757	-11
3	758	-34
3	759	-11
3	760	-30
3	761	21
3	762	-39
3	763	-17
3	764	-14
3	765	-14
3	766	9
3	767	-33
3	768	-13
3	769	-68
3	770	-40
3	771	-53
3	772	-41
3	773	-3
3	774	-10
3	775	-35
3	776	-27
3	777	-10
3	778	-21
3	779	-24
3	780	0
3	781	-4
3	782	-23
3	783	-30
3	784	-19
3	785	-18
3	786	-27
3	787	11
3	788	-16
3	789	8
3	790	-47
3	791	-7
3	792	-23
3	793	-23
3	794	0
3	795	-18
3	796	-12
3	797	-23
3	798	-40
3	799	49
3	800	0
3	801	16
3	802	2
3	803	11
3	804	-17
3	805	-37
3	806	-17
3	807	14
3	808	-14
3	809	-52
3	810	6
3	811	-11
3	812	-12
3	813	-13
3	814	-27
3	815	-21
3	816	-8
3	817	-21
3	818	-47
3	819	-15
3	820	-13
3	821	-34
3	822	-12
3	823	0
3	824	-10
3	825	-32
3	826	-6
3	827	-59
3	828	-42
3	829	-12
3	830	-32
3	831	-8
3	832	-18
3	833	-35
3	834	-35
3	835	-5
3	836	3
3	837	-32
3	838	-9
3	839	-16
3	840	-27
3	841	-19
3	842	34
3	843	-25
3	844	-30
3	845	-23
3	846	-18
3	847	-4
3	848	3
3	849	-15
3	850	-22
3	851	-25
3	852	-22
3	853	-44
3	854	-40
3	855	-11
3	856	1
3	857	-21
3	858	24
3	859	0
3	860	7
3	861	-43
3	862	-38
3	863	-27
3	864	-17
3	865	5
3	866	-35
3	867	-20
3	868	-20
3	869	-18
3	870	3
3	871	-37
3	872	-28
3	873	1
3	874	-36
3	875	-19
3	876	25
3	877	-22
3	878	-34
3	879	-4
3	880	7
3	881	-40
3	882	-15
3	883	-49
3	884	-9
3	885	-26
3	886	-6
3	887	-38
3	888	-31
3	889	-33
3	890	-38
3	891	-16
3	892	-36
3	893	-54
3	894	-7
3	895	-43
3	896	0
3	897	-13
3	898	-2
3	899	-38
3	900	16
3	901	-28
3	902	-17
3	903	-46
3	904	-25
3	905	-11
3	906	-19
3	907	-40
3	908	28
3	909	-16
3	910	-20
3	911	-7
3	912	-38
3	913	-57
3	914	-14
3	915	15
3	916	-31
3	917	-40
3	918	-1
3	919	-43
3	920	3
3	921	-26
3	922	3
3	923	3
3	924	-36
3	925	-8
3	926	8
3	927	-66
3	928	4
3	929	-13
3	930	-5
3	931	-3
3	932	-54
3	933	-8
3	934	-13
3	935	-63
3	936	3
3	937	-64
3	938	-24
3	939	-14
3	940	-43
3	941	-2
3	942	-5
3	943	-20
3	944	-18
3	945	-8
3	946	-28
3	947	-15
3	948	4
3	949	-37
3	950	-41
3	951	17
3	952	-5
3	953	-25
3	954	-15
3	955	11
3	956	-22
3	957	-20
3	958	-20
3	959	-40
3	960	-3
3	961	0
3	962	-21
3	963	2
3	964	-22
3	965	-41
3	966	8
3	967	8
3	968	-18
3	969	-23
3	970	-36
3	971	-50
3	972	-44
3	973	18
3	974	-52
3	975	-11
3	976	17
3	977	25
3	978	-35
3	979	-8
3	980	-41
3	981	-20
3	982	4
3	983	-26
3	984	-44
3	985	13
3	986	3
3	987	27
3	988	-9
3	989	-58
3	990	-24
3	991	-6
3	992	-33
3	993	24
3	994	-23
3	995	1
3	996	-33
3	997	-5
3	998	-28
3	999	-28
3	1000	0
3	1001	-40
3	1002	8
3	1003	-45
3	1004	-3
3	1005	-13
3	1006	-30
3	1007	5
3	1008	-42
3	1009	1
3	1010	-32
3	1011	-61
3	1012	-59
3	1013	-57
3	1014	0
3	1015	-41
3	1016	21
3	1017	-16
3	1018	-25
3	1019	-44
3	1020	-56
3	1021	-44
3	1022	-21
3	1023	21
4	0	41
4	1	4
4	2	34
4	3	35
4	4	11
4	5	7
4	6	41
4	7	-32
4	8	48
4	9	-33
4	10	34
4	11	-4
4	12	49
4	13	-13
4	14	49
4	15	-30
4	16	17
4	17	-3
4	18	80
4	19	-29
4	20	62
4	21	5
4	22	80
4	23	-4
4	24	45
4	25	-28
4	26	29
4	27	-7
4	28	32
4	29	-12
4	30	44
4	31	-58
4	32	64
4	33	5
4	34	32
4	35	-38
4	36	22
4	37	13
4	38	48
4	39	-39
4	40	48
4	41	28
4	42	66
4	43	35
4	44	34
4	45	9
4	46	35
4	47	-17
4	48	38
4	49	-9
4	50	54
4	51	-26
4	52	29
4	53	-36
4	54	52
4	55	-12
4	56	55
4	57	-13
4	58	80
4	59	-44
4	60	17
4	61	41
4	62	29
4	63	-25
4	64	52
4	65	-20
4	66	55
4	67	-8
4	68	54
4	69	0
4	70	59
4	71	-41
4	72	66
4	73	13
4	74	41
4	75	-41
4	76	41
4	77	32
4	78	50
4	79	-17
4	80	-7
4	81	11
4	82	16
4	83	-47
4	84	40
4	85	-26
4	86	46
4	87	1
4	88	75
4	89	22
4	90	76
4	91	23
4	92	34
4	93	-6
4	94	16
4	95	6
4	96	46
4	97	1
4	98	64
4	99	2
4	100	19
4	101	-18
4	102	62
4	103	36
4	104	20
4	105	-35
4	106	58
4	107	15
4	108	33
4	109	20
4	110	55
4	111	15
4	112	27
4	113	25
4	114	14
4	115	-16
4	116	69
4	117	-5
4	118	35
4	119	-22
4	120	52
4	121	-16
4	122	18
4	123	9
4	124	67
4	125	-13
4	126	59
4	127	-2
4	128	40
4	129	-5
4	130	54
4	131	-45
4	132	52
4	133	-20
4	134	61
4	135	-22
4	136	39
4	137	3
4	138	55
4	139	10
4	140	55
4	141	-20
4	142	62
4	143	-46
4	144	36
4	145	1
4	146	65
4	147	-17
4	148	10
4	149	5
4	150	37
4	151	15
4	152	68
4	153	-29
4	154	42
4	155	-14
4	156	29
4	157	-63
4	158	36
4	159	-16
4	160	31
4	161	23
4	162	89
4	163	-36
4	164	21
4	165	-5
4	166	33
4	167	-10
4	168	49
4	169	-31
4	170	61
4	171	-15
4	172	62
4	173	-47
4	174	67
4	175	-35
4	176	39
4	177	-13
4	178	47
4	179	-31
4	180	67
4	181	-29
4	182	59
4	183	-52
4	184	58
4	185	-53
4	186	36
4	187	-21
4	188	49
4	189	5
4	190	32
4	191	10
4	192	54
4	193	4
4	194	50
4	195	-32
4	196	42
4	197	8
4	198	70
4	199	-15
4	200	48
4	201	-21
4	202	58
4	203	23
4	204	25
4	205	9
4	206	76
4	207	10
4	208	19
4	209	-1
4	210	-3
4	211	-6
4	212	35
4	213	-2
4	214	36
4	215	0
4	216	64
4	217	2
4	218	77
4	219	7
4	220	63
4	221	-8
4	222	69
4	223	-21
4	224	32
4	225	-26
4	226	59
4	227	-20
4	228	67
4	229	19
4	230	14
4	231	-50
4	232	62
4	233	-2
4	234	23
4	235	-48
4	236	41
4	237	-10
4	238	66
4	239	-33
4	240	37
4	241	19
4	242	30
4	243	2
4	244	50
4	245	24
4	246	57
4	247	25
4	248	2
4	249	-39
4	250	51
4	251	-8
4	252	36
4	253	-6
4	254	70
4	255	-28
4	256	23
4	257	-12
4	258	52
4	259	-31
4	260	19
4	261	18
4	262	63
4	263	-22
4	264	30
4	265	-31
4	266	48
4	267	-13
4	268	40
4	269	-12
4	270	43
4	271	-13
4	272	30
4	273	18
4	274	46
4	275	-22
4	276	22
4	277	-4
4	278	30
4	279	0
4	280	49
4	281	-33
4	282	49
4	283	19
4	284	46
4	285	-14
4	286	35
4	287	1
4	288	51
4	289	6
4	290	81
4	291	-8
4	292	49
4	293	13
4	294	12
4	295	-24
4	296	40
4	297	-24
4	298	63
4	299	-28
4	300	29
4	301	-37
4	302	36
4	303	-21
4	304	5
4	305	8
4	306	51
4	307	-23
4	308	39
4	309	-43
4	310	71
4	311	5
4	312	18
4	313	11
4	314	21
4	315	4
4	316	11
4	317	-1
4	318	26
4	319	-18
4	320	40
4	321	-12
4	322	83
4	323	16
4	324	38
4	325	2
4	326	34
4	327	1
4	328	39
4	329	-16
4	330	48
4	331	-14
4	332	24
4	333	12
4	334	44
4	335	9
4	336	13
4	337	-15
4	338	73
4	339	1
4	340	21
4	341	1
4	342	40
4	343	-21
4	344	66
4	345	-3
4	346	36
4	347	29
4	348	53
4	349	-15
4	350	5
4	351	-6
4	352	45
4	353	-14
4	354	35
4	355	29
4	356	59
4	357	-8
4	358	59
4	359	6
4	360	74
4	361	-20
4	362	52
4	363	22
4	364	38
4	365	33
4	366	10
4	367	-25
4	368	27
4	369	-30
4	370	45
4	371	-4
4	372	37
4	373	-4
4	374	22
4	375	-16
4	376	60
4	377	-2
4	378	47
4	379	-31
4	380	42
4	381	-36
4	382	3
4	383	-45
4	384	69
4	385	-19
4	386	58
4	387	12
4	388	66
4	389	-28
4	390	5
4	391	-32
4	392	49
4	393	0
4	394	54
4	395	27
4	396	62
4	397	-24
4	398	36
4	399	7
4	400	47
4	401	-2
4	402	21
4	403	-39
4	404	31
4	405	-41
4	406	67
4	407	4
4	408	50
4	409	-9
4	410	45
4	411	-14
4	412	65
4	413	12
4	414	40
4	415	-17
4	416	72
4	417	-32
4	418	52
4	419	-10
4	420	55
4	421	-40
4	422	60
4	423	8
4	424	34
4	425	-34
4	426	20
4	427	15
4	428	38
4	429	-25
4	430	36
4	431	-38
4	432	59
4	433	-23
4	434	70
4	435	-5
4	436	50
4	437	17
4	438	42
4	439	-28
4	440	32
4	441	-7
4	442	8
4	443	0
4	444	0
4	445	5
4	446	33
4	447	15
4	448	46
4	449	-24
4	450	46
4	451	-33
4	452	19
4	453	-55
4	454	24
4	455	-16
4	456	51
4	457	-13
4	458	54
4	459	-7
4	460	44
4	461	-18
4	462	45
4	463	-23
4	464	35
4	465	27
4	466	76
4	467	-9
4	468	51
4	469	-5
4	470	65
4	471	25
4	472	36
4	473	-23
4	474	58
4	475	5
4	476	79
4	477	-11
4	478	39
4	479	12
4	480	28
4	481	-15
4	482	23
4	483	9
4	484	40
4	485	-3
4	486	56
4	487	-23
4	488	34
4	489	-2
4	490	45
4	491	-32
4	492	43
4	493	-7
4	494	65
4	495	33
4	496	51
4	497	-31
4	498	-42
4	499	-54
4	500	-3
4	501	-113
4	502	-42
4	503	-73
4	504	84
4	505	28
4	506	57
4	507	-3
4	508	36
4	509	-4
4	510	42
4	511	-37
4	512	-46
4	513	-18
4	514	-48
4	515	-42
4	516	-13
4	517	-41
4	518	25
4	519	-16
4	520	7
4	521	-23
4	522	-24
4	523	-10
4	524	-21
4	525	-52
4	526	-23
4	527	6
4	528	-3
4	529	-17
4	530	-27
4	531	-36
4	532	25
4	533	-32
4	534	-19
4	535	6
4	536	-24
4	537	24
4	538	-5
4	539	-2
4	540	14
4	541	-8
4	542	41
4	543	-8
4	544	7
4	545	-14
4	546	18
4	547	-42
4	548	14
4	549	-29
4	550	-28
4	551	-5
4	552	-5
4	553	-15
4	554	-33
4	555	8
4	556	-10
4	557	-7
4	558	-24
4	559	2
4	560	-60
4	561	-4
4	562	-2
4	563	-17
4	564	-10
4	565	1
4	566	-14
4	567	-23
4	568	19
4	569	-7
4	570	-37
4	571	-11
4	572	-6
4	573	10
4	574	-4
4	575	-6
4	576	-23
4	577	-27
4	578	16
4	579	-24
4	580	-42
4	581	-36
4	582	-15
4	583	-37
4	584	-34
4	585	-41
4	586	-39
4	587	-20
4	588	-9
4	589	14
4	590	-4
4	591	-25
4	592	-31
4	593	-27
4	594	3
4	595	-17
4	596	-23
4	597	-36
4	598	-17
4	599	3
4	600	-46
4	601	-10
4	602	-51
4	603	-17
4	604	10
4	605	-48
4	606	-30
4	607	-24
4	608	-44
4	609	-49
4	610	-27
4	611	-26
4	612	-9
4	613	-53
4	614	-48
4	615	2
4	616	1
4	617	-38
4	618	-5
4	619	11
4	620	-14
4	621	-16
4	622	-31
4	623	-9
4	624	-15
4	625	-48
4	626	-32
4	627	-21
4	628	-54
4	629	-20
4	630	-19
4	631	-13
4	632	-26
4	633	-15
4	634	11
4	635	-33
4	636	-14
4	637	4
4	638	-7
4	639	-23
4	640	-19
4	641	-20
4	642	17
4	643	-9
4	644	-8
4	645	9
4	646	-27
4	647	-28
4	648	-9
4	649	-2
4	650	-22
4	651	29
4	652	-31
4	653	-3
4	654	-4
4	655	-25
4	656	-26
4	657	-30
4	658	-38
4	659	3
4	660	7
4	661	-25
4	662	-23
4	663	-17
4	664	33
4	665	0
4	666	-22
4	667	-30
4	668	-43
4	669	-29
4	670	-18
4	671	-13
4	672	-11
4	673	0
4	674	-1
4	675	-19
4	676	-9
4	677	-28
4	678	-33
4	679	-20
4	680	-19
4	681	-63
4	682	5
4	683	-5
4	684	-8
4	685	-24
4	686	-13
4	687	3
4	688	-39
4	689	-9
4	690	-16
4	691	12
4	692	-16
4	693	8
4	694	-10
4	695	-52
4	696	-24
4	697	-26
4	698	-2
4	699	-19
4	700	25
4	701	7
4	702	-30
4	703	-41
4	704	-25
4	705	-32
4	706	-33
4	707	-7
4	708	1
4	709	-33
4	710	-13
4	711	14
4	712	0
4	713	-16
4	714	5
4	715	-14
4	716	-26
4	717	-2
4	718	-36
4	719	-8
4	720	3
4	721	-70
4	722	-59
4	723	-48
4	724	3
4	725	-11
4	726	-23
4	727	-5
4	728	-37
4	729	-11
4	730	-3
4	731	-5
4	732	-41
4	733	-20
4	734	-53
4	735	-13
4	736	-5
4	737	-41
4	738	12
4	739	22
4	740	-38
4	741	-4
4	742	3
4	743	-9
4	744	-13
4	745	-28
4	746	-40
4	747	-11
4	748	8
4	749	-53
4	750	-16
4	751	-23
4	752	-14
4	753	0
4	754	-28
4	755	-16
4	756	-11
4	757	-33
4	758	-38
4	759	-16
4	760	-24
4	761	-25
4	762	-43
4	763	-57
4	764	-13
4	765	-23
4	766	-26
4	767	3
4	768	9
4	769	-24
4	770	-27
4	771	-3
4	772	-15
4	773	-38
4	774	-9
4	775	-29
4	776	0
4	777	-35
4	778	-41
4	779	-50
4	780	-16
4	781	10
4	782	25
4	783	-6
4	784	-28
4	785	-55
4	786	-42
4	787	4
4	788	0
4	789	-47
4	790	16
4	791	-16
4	792	3
4	793	18
4	794	-13
4	795	-6
4	796	-29
4	797	-8
4	798	-3
4	799	-36
4	800	-21
4	801	-17
4	802	-29
4	803	-27
4	804	18
4	805	-35
4	806	-20
4	807	-40
4	808	-32
4	809	0
4	810	-17
4	811	9
4	812	-4
4	813	15
4	814	-12
4	815	-35
4	816	-10
4	817	-24
4	818	-60
4	819	-18
4	820	14
4	821	-24
4	822	14
4	823	-24
4	824	3
4	825	-40
4	826	-32
4	827	-13
4	828	-25
4	829	20
4	830	-29
4	831	7
4	832	-35
4	833	-17
4	834	12
4	835	2
4	836	4
4	837	2
4	838	-49
4	839	-3
4	840	1
4	841	-26
4	842	-21
4	843	8
4	844	-31
4	845	-20
4	846	11
4	847	-27
4	848	-26
4	849	-30
4	850	-18
4	851	-30
4	852	-39
4	853	-3
4	854	-25
4	855	-36
4	856	-16
4	857	25
4	858	-24
4	859	-6
4	860	-22
4	861	-10
4	862	-6
4	863	-26
4	864	-2
4	865	-74
4	866	-13
4	867	-49
4	868	-37
4	869	-18
4	870	-54
4	871	-56
4	872	-7
4	873	-41
4	874	-53
4	875	-16
4	876	-11
4	877	-2
4	878	2
4	879	-10
4	880	29
4	881	-35
4	882	-64
4	883	-32
4	884	-1
4	885	-27
4	886	-23
4	887	-6
4	888	19
4	889	-56
4	890	-28
4	891	-8
4	892	-12
4	893	-21
4	894	-47
4	895	-16
4	896	5
4	897	-32
4	898	-23
4	899	-1
4	900	-32
4	901	28
4	902	-39
4	903	0
4	904	-13
4	905	-47
4	906	-15
4	907	-33
4	908	-43
4	909	-76
4	910	-24
4	911	-56
4	912	13
4	913	-33
4	914	-27
4	915	-13
4	916	-19
4	917	-7
4	918	-19
4	919	-25
4	920	-20
4	921	-15
4	922	-24
4	923	-18
4	924	17
4	925	-7
4	926	-17
4	927	-19
4	928	-22
4	929	-41
4	930	-3
4	931	-13
4	932	-15
4	933	-29
4	934	39
4	935	-22
4	936	-57
4	937	-22
4	938	19
4	939	32
4	940	-15
4	941	-28
4	942	-26
4	943	13
4	944	-12
4	945	-5
4	946	-30
4	947	-31
4	948	-9
4	949	-28
4	950	36
4	951	-22
4	952	-8
4	953	-37
4	954	-32
4	955	10
4	956	3
4	957	-13
4	958	15
4	959	-33
4	960	23
4	961	-11
4	962	-24
4	963	13
4	964	-69
4	965	-31
4	966	-1
4	967	-7
4	968	-29
4	969	-12
4	970	24
4	971	-19
4	972	13
4	973	15
4	974	-55
4	975	-9
4	976	-26
4	977	-47
4	978	-28
4	979	-3
4	980	1
4	981	-36
4	982	0
4	983	12
4	984	-32
4	985	6
4	986	-8
4	987	-13
4	988	-8
4	989	-48
4	990	-30
4	991	-52
4	992	-63
4	993	-16
4	994	-28
4	995	-5
4	996	-5
4	997	28
4	998	-24
4	999	-1
4	1000	8
4	1001	-18
4	1002	12
4	1003	9
4	1004	-6
4	1005	15
4	1006	-16
4	1007	-45
4	1008	-2
4	1009	3
4	1010	-70
4	1011	-23
4	1012	-27
4	1013	-29
4	1014	-15
4	1015	-15
4	1016	-7
4	1017	-13
4	1018	-17
4	1019	-32
4	1020	-48
4	1021	-11
4	1022	-19
4	1023	-24
5	0	42
5	1	-1
5	2	47
5	3	-58
5	4	69
5	5	1
5	6	34
5	7	9
5	8	37
5	9	-21
5	10	61
5	11	-19
5	12	28
5	13	8
5	14	63
5	15	1
5	16	60
5	17	-23
5	18	37
5	19	-9
5	20	22
5	21	3
5	22	58
5	23	-10
5	24	62
5	25	22
5	26	51
5	27	-24
5	28	73
5	29	-41
5	30	20
5	31	-19
5	32	29
5	33	15
5	34	45
5	35	-8
5	36	26
5	37	-5
5	38	45
5	39	-6
5	40	66
5	41	3
5	42	62
5	43	3
5	44	13
5	45	-10
5	46	39
5	47	-19
5	48	81
5	49	-10
5	50	59
5	51	-11
5	52	24
5	53	-20
5	54	35
5	55	12
5	56	28
5	57	0
5	58	55
5	59	-34
5	60	58
5	61	6
5	62	-14
5	63	-23
5	64	37
5	65	-6
5	66	34
5	67	1
5	68	51
5	69	6
5	70	20
5	71	-24
5	72	103
5	73	8
5	74	60
5	75	-27
5	76	-3
5	77	7
5	78	50
5	79	2
5	80	55
5	81	7
5	82	7
5	83	-56
5	84	48
5	85	20
5	86	56
5	87	-10
5	88	78
5	89	19
5	90	66
5	91	-20
5	92	37
5	93	10
5	94	53
5	95	-5
5	96	36
5	97	-19
5	98	54
5	99	-6
5	100	36
5	101	-22
5	102	30
5	103	22
5	104	61
5	105	-29
5	106	50
5	107	-9
5	108	24
5	109	14
5	110	58
5	111	-14
5	112	70
5	113	-14
5	114	42
5	115	17
5	116	47
5	117	-33
5	118	27
5	119	-1
5	120	59
5	121	1
5	122	57
5	123	-5
5	124	89
5	125	7
5	126	30
5	127	-51
5	128	15
5	129	21
5	130	40
5	131	-27
5	132	60
5	133	10
5	134	50
5	135	14
5	136	47
5	137	1
5	138	17
5	139	-27
5	140	32
5	141	-19
5	142	72
5	143	-6
5	144	68
5	145	2
5	146	70
5	147	-15
5	148	38
5	149	-15
5	150	56
5	151	-4
5	152	26
5	153	-6
5	154	44
5	155	-1
5	156	33
5	157	14
5	158	51
5	159	5
5	160	36
5	161	5
5	162	20
5	163	-9
5	164	22
5	165	24
5	166	71
5	167	3
5	168	70
5	169	-9
5	170	51
5	171	-20
5	172	47
5	173	-52
5	174	47
5	175	-13
5	176	77
5	177	31
5	178	18
5	179	-7
5	180	29
5	181	3
5	182	56
5	183	-1
5	184	38
5	185	1
5	186	77
5	187	-29
5	188	25
5	189	-2
5	190	62
5	191	-5
5	192	44
5	193	0
5	194	34
5	195	26
5	196	49
5	197	3
5	198	51
5	199	-27
5	200	36
5	201	-43
5	202	25
5	203	1
5	204	73
5	205	-17
5	206	61
5	207	2
5	208	57
5	209	14
5	210	29
5	211	9
5	212	41
5	213	-37
5	214	25
5	215	9
5	216	61
5	217	-6
5	218	53
5	219	-12
5	220	-2
5	221	-35
5	222	14
5	223	-18
5	224	19
5	225	12
5	226	54
5	227	18
5	228	57
5	229	0
5	230	43
5	231	-5
5	232	69
5	233	23
5	234	65
5	235	-20
5	236	49
5	237	-16
5	238	33
5	239	13
5	240	59
5	241	-32
5	242	40
5	243	-3
5	244	21
5	245	-54
5	246	22
5	247	-18
5	248	11
5	249	33
5	250	58
5	251	14
5	252	-2
5	253	2
5	254	15
5	255	-59
5	256	42
5	257	-29
5	258	24
5	259	-13
5	260	57
5	261	-25
5	262	45
5	263	-36
5	264	70
5	265	18
5	266	46
5	267	-6
5	268	61
5	269	1
5	270	31
5	271	-10
5	272	46
5	273	-50
5	274	53
5	275	-19
5	276	13
5	277	-3
5	278	65
5	279	-8
5	280	27
5	281	-3
5	282	16
5	283	-28
5	284	31
5	285	-28
5	286	28
5	287	17
5	288	55
5	289	10
5	290	62
5	291	-19
5	292	43
5	293	-21
5	294	28
5	295	-12
5	296	23
5	297	-5
5	298	32
5	299	-9
5	300	40
5	301	-4
5	302	96
5	303	5
5	304	34
5	305	11
5	306	45
5	307	-7
5	308	61
5	309	-23
5	310	52
5	311	0
5	312	48
5	313	-4
5	314	55
5	315	13
5	316	45
5	317	-17
5	318	56
5	319	-5
5	320	24
5	321	-33
5	322	20
5	323	-21
5	324	60
5	325	-5
5	326	13
5	327	-35
5	328	30
5	329	26
5	330	76
5	331	-37
5	332	58
5	333	-18
5	334	72
5	335	-23
5	336	80
5	337	-7
5	338	43
5	339	-32
5	340	67
5	341	-27
5	342	49
5	343	14
5	344	67
5	345	-7
5	346	38
5	347	-8
5	348	45
5	349	-11
5	350	41
5	351	0
5	352	17
5	353	-22
5	354	61
5	355	-12
5	356	47
5	357	-6
5	358	88
5	359	12
5	360	34
5	361	-14
5	362	73
5	363	0
5	364	64
5	365	21
5	366	59
5	367	1
5	368	84
5	369	-28
5	370	40
5	371	29
5	372	35
5	373	-2
5	374	28
5	375	7
5	376	32
5	377	0
5	378	33
5	379	-36
5	380	46
5	381	-7
5	382	63
5	383	-14
5	384	34
5	385	23
5	386	69
5	387	18
5	388	17
5	389	-15
5	390	57
5	391	7
5	392	74
5	393	-47
5	394	34
5	395	18
5	396	39
5	397	-12
5	398	32
5	399	-14
5	400	60
5	401	-10
5	402	66
5	403	-37
5	404	34
5	405	-29
5	406	16
5	407	9
5	408	58
5	409	-35
5	410	30
5	411	-24
5	412	-2
5	413	-19
5	414	22
5	415	13
5	416	35
5	417	1
5	418	66
5	419	-48
5	420	80
5	421	-14
5	422	71
5	423	-6
5	424	103
5	425	0
5	426	49
5	427	-16
5	428	39
5	429	-46
5	430	66
5	431	-31
5	432	58
5	433	4
5	434	21
5	435	-14
5	436	44
5	437	4
5	438	43
5	439	9
5	440	42
5	441	15
5	442	37
5	443	13
5	444	28
5	445	-23
5	446	16
5	447	-8
5	448	8
5	449	12
5	450	39
5	451	32
5	452	24
5	453	-31
5	454	8
5	455	49
5	456	26
5	457	-22
5	458	63
5	459	-32
5	460	55
5	461	-8
5	462	41
5	463	-7
5	464	11
5	465	37
5	466	55
5	467	-30
5	468	36
5	469	-52
5	470	46
5	471	5
5	472	21
5	473	-18
5	474	22
5	475	-20
5	476	32
5	477	1
5	478	76
5	479	-26
5	480	62
5	481	-18
5	482	32
5	483	37
5	484	32
5	485	-31
5	486	0
5	487	-10
5	488	27
5	489	-25
5	490	32
5	491	-30
5	492	61
5	493	-62
5	494	31
5	495	3
5	496	67
5	497	-41
5	498	-48
5	499	-102
5	500	-10
5	501	-53
5	502	-21
5	503	-77
5	504	28
5	505	7
5	506	55
5	507	-26
5	508	26
5	509	-14
5	510	48
5	511	-43
5	512	3
5	513	41
5	514	-34
5	515	-4
5	516	-13
5	517	7
5	518	-50
5	519	-33
5	520	-12
5	521	-49
5	522	-22
5	523	-19
5	524	-10
5	525	-24
5	526	3
5	527	-51
5	528	-14
5	529	-18
5	530	-6
5	531	11
5	532	-17
5	533	-2
5	534	-17
5	535	0
5	536	-51
5	537	-16
5	538	-19
5	539	-29
5	540	-3
5	541	26
5	542	-18
5	543	-1
5	544	1
5	545	-58
5	546	-13
5	547	-29
5	548	-3
5	549	-33
5	550	-44
5	551	-16
5	552	12
5	553	-61
5	554	-16
5	555	-16
5	556	-28
5	557	-16
5	558	20
5	559	-30
5	560	1
5	561	-38
5	562	-34
5	563	-33
5	564	20
5	565	-21
5	566	-23
5	567	-12
5	568	-10
5	569	-15
5	570	6
5	571	4
5	572	-24
5	573	-18
5	574	-17
5	575	-31
5	576	-40
5	577	-53
5	578	0
5	579	0
5	580	-59
5	581	-22
5	582	-30
5	583	-16
5	584	-27
5	585	-55
5	586	3
5	587	-6
5	588	-26
5	589	22
5	590	20
5	591	-42
5	592	-22
5	593	-39
5	594	-12
5	595	-8
5	596	2
5	597	-33
5	598	-44
5	599	-29
5	600	-28
5	601	-18
5	602	-17
5	603	-33
5	604	-5
5	605	29
5	606	21
5	607	-4
5	608	13
5	609	-19
5	610	-48
5	611	-41
5	612	-7
5	613	-25
5	614	-44
5	615	-6
5	616	20
5	617	-31
5	618	-11
5	619	-21
5	620	0
5	621	-8
5	622	-27
5	623	-3
5	624	-6
5	625	-42
5	626	-5
5	627	-8
5	628	4
5	629	-12
5	630	-3
5	631	-12
5	632	-30
5	633	-28
5	634	6
5	635	-16
5	636	-11
5	637	-29
5	638	-12
5	639	-60
5	640	0
5	641	-14
5	642	-31
5	643	1
5	644	19
5	645	-39
5	646	-50
5	647	-69
5	648	-11
5	649	-22
5	650	-18
5	651	-45
5	652	7
5	653	2
5	654	-23
5	655	-45
5	656	20
5	657	-9
5	658	-12
5	659	-20
5	660	13
5	661	-11
5	662	-26
5	663	-8
5	664	-10
5	665	-11
5	666	-16
5	667	-2
5	668	-53
5	669	0
5	670	-33
5	671	0
5	672	-24
5	673	-24
5	674	-22
5	675	-21
5	676	25
5	677	-23
5	678	-27
5	679	-4
5	680	9
5	681	-25
5	682	-6
5	683	18
5	684	35
5	685	3
5	686	-17
5	687	6
5	688	-6
5	689	-17
5	690	-5
5	691	-9
5	692	6
5	693	-23
5	694	-11
5	695	-47
5	696	-23
5	697	-22
5	698	7
5	699	-22
5	700	-30
5	701	-28
5	702	-35
5	703	-31
5	704	-31
5	705	5
5	706	-27
5	707	-26
5	708	2
5	709	7
5	710	-22
5	711	-19
5	712	-18
5	713	-22
5	714	-14
5	715	-19
5	716	-35
5	717	-27
5	718	21
5	719	-38
5	720	-34
5	721	-40
5	722	-5
5	723	21
5	724	19
5	725	-51
5	726	-21
5	727	-28
5	728	6
5	729	0
5	730	-18
5	731	-14
5	732	4
5	733	-39
5	734	-23
5	735	-40
5	736	-49
5	737	-47
5	738	24
5	739	9
5	740	0
5	741	-34
5	742	-46
5	743	-23
5	744	2
5	745	-39
5	746	-4
5	747	3
5	748	-8
5	749	-22
5	750	-5
5	751	-56
5	752	-19
5	753	-34
5	754	-8
5	755	1
5	756	-11
5	757	-14
5	758	-46
5	759	-4
5	760	-1
5	761	0
5	762	-30
5	763	-25
5	764	-11
5	765	-40
5	766	-16
5	767	-18
5	768	-43
5	769	0
5	770	-11
5	771	-40
5	772	1
5	773	-35
5	774	-47
5	775	-35
5	776	-4
5	777	-40
5	778	-11
5	779	-6
5	780	-7
5	781	-52
5	782	-36
5	783	-36
5	784	-12
5	785	-17
5	786	14
5	787	2
5	788	6
5	789	-6
5	790	-44
5	791	-50
5	792	-9
5	793	-16
5	794	-3
5	795	-30
5	796	6
5	797	8
5	798	-4
5	799	-10
5	800	-41
5	801	21
5	802	-46
5	803	10
5	804	-8
5	805	-1
5	806	-42
5	807	1
5	808	20
5	809	-1
5	810	4
5	811	-18
5	812	-39
5	813	-42
5	814	-26
5	815	-16
5	816	-11
5	817	-79
5	818	-8
5	819	-28
5	820	-30
5	821	-30
5	822	12
5	823	-18
5	824	0
5	825	-24
5	826	12
5	827	-17
5	828	-44
5	829	-82
5	830	-29
5	831	-31
5	832	-32
5	833	-4
5	834	8
5	835	-33
5	836	-6
5	837	-34
5	838	4
5	839	-28
5	840	-43
5	841	-35
5	842	-30
5	843	-7
5	844	-19
5	845	5
5	846	44
5	847	-33
5	848	-50
5	849	-33
5	850	-31
5	851	-51
5	852	-35
5	853	-9
5	854	-26
5	855	-29
5	856	26
5	857	-6
5	858	1
5	859	-9
5	860	-8
5	861	-37
5	862	-8
5	863	-23
5	864	13
5	865	-44
5	866	-47
5	867	-34
5	868	-13
5	869	-21
5	870	-22
5	871	-6
5	872	-48
5	873	2
5	874	-36
5	875	2
5	876	-28
5	877	-11
5	878	18
5	879	-24
5	880	-34
5	881	-6
5	882	3
5	883	-58
5	884	-15
5	885	-41
5	886	4
5	887	-58
5	888	-16
5	889	15
5	890	-23
5	891	6
5	892	-26
5	893	-40
5	894	-8
5	895	-25
5	896	-24
5	897	-23
5	898	9
5	899	11
5	900	-27
5	901	-3
5	902	-38
5	903	-36
5	904	-11
5	905	-29
5	906	-18
5	907	8
5	908	-28
5	909	-21
5	910	-26
5	911	-37
5	912	-9
5	913	3
5	914	-9
5	915	2
5	916	-4
5	917	-20
5	918	-13
5	919	-17
5	920	-28
5	921	-16
5	922	-3
5	923	-10
5	924	-23
5	925	-34
5	926	-17
5	927	-16
5	928	-4
5	929	-30
5	930	7
5	931	-16
5	932	-56
5	933	-29
5	934	-18
5	935	-12
5	936	-11
5	937	-17
5	938	4
5	939	-35
5	940	-17
5	941	-34
5	942	-30
5	943	14
5	944	0
5	945	12
5	946	4
5	947	-29
5	948	-53
5	949	-19
5	950	-20
5	951	-10
5	952	28
5	953	-42
5	954	-18
5	955	-45
5	956	-37
5	957	24
5	958	-2
5	959	3
5	960	-44
5	961	-1
5	962	-9
5	963	-22
5	964	-13
5	965	-73
5	966	4
5	967	-13
5	968	-4
5	969	-24
5	970	15
5	971	-4
5	972	-41
5	973	-25
5	974	1
5	975	-4
5	976	-34
5	977	-53
5	978	-23
5	979	-20
5	980	18
5	981	-8
5	982	-27
5	983	-41
5	984	5
5	985	-17
5	986	-3
5	987	-7
5	988	-27
5	989	-26
5	990	-62
5	991	-15
5	992	1
5	993	-18
5	994	6
5	995	-42
5	996	-46
5	997	13
5	998	-11
5	999	-23
5	1000	-7
5	1001	-12
5	1002	-38
5	1003	-27
5	1004	4
5	1005	-28
5	1006	-3
5	1007	-23
5	1008	-29
5	1009	-27
5	1010	-59
5	1011	-60
5	1012	-20
5	1013	-40
5	1014	-28
5	1015	-12
5	1016	5
5	1017	1
5	1018	-12
5	1019	-49
5	1020	-9
5	1021	-1
5	1022	-15
5	1023	-40
6	0	31
6	1	15
6	2	38
6	3	-31
6	4	48
6	5	-5
6	6	41
6	7	11
6	8	56
6	9	-1
6	10	43
6	11	11
6	12	6
6	13	-8
6	14	20
6	15	-8
6	16	11
6	17	-4
6	18	44
6	19	17
6	20	14
6	21	-32
6	22	73
6	23	38
6	24	58
6	25	-44
6	26	20
6	27	-38
6	28	40
6	29	-17
6	30	80
6	31	1
6	32	13
6	33	0
6	34	51
6	35	-31
6	36	55
6	37	-32
6	38	41
6	39	-16
6	40	8
6	41	-34
6	42	33
6	43	23
6	44	47
6	45	-29
6	46	51
6	47	-4
6	48	52
6	49	-31
6	50	48
6	51	-64
6	52	41
6	53	2
6	54	46
6	55	-35
6	56	64
6	57	-9
6	58	37
6	59	-51
6	60	64
6	61	20
6	62	50
6	63	-38
6	64	29
6	65	-16
6	66	60
6	67	-18
6	68	38
6	69	-9
6	70	34
6	71	-26
6	72	32
6	73	16
6	74	48
6	75	3
6	76	64
6	77	16
6	78	49
6	79	3
6	80	46
6	81	5
6	82	57
6	83	-24
6	84	76
6	85	-36
6	86	34
6	87	-23
6	88	38
6	89	-42
6	90	45
6	91	-11
6	92	76
6	93	-38
6	94	62
6	95	-35
6	96	15
6	97	24
6	98	23
6	99	8
6	100	52
6	101	-12
6	102	76
6	103	-18
6	104	15
6	105	-7
6	106	21
6	107	-12
6	108	58
6	109	7
6	110	55
6	111	-45
6	112	33
6	113	-29
6	114	69
6	115	-9
6	116	20
6	117	-35
6	118	27
6	119	-1
6	120	71
6	121	-11
6	122	40
6	123	-5
6	124	102
6	125	-33
6	126	42
6	127	-27
6	128	77
6	129	-5
6	130	57
6	131	-17
6	132	55
6	133	-7
6	134	27
6	135	-28
6	136	37
6	137	-14
6	138	71
6	139	-20
6	140	48
6	141	-46
6	142	57
6	143	-7
6	144	65
6	145	11
6	146	0
6	147	-9
6	148	57
6	149	-8
6	150	68
6	151	13
6	152	19
6	153	-35
6	154	26
6	155	-5
6	156	27
6	157	-32
6	158	9
6	159	16
6	160	24
6	161	11
6	162	59
6	163	-15
6	164	44
6	165	-28
6	166	43
6	167	16
6	168	21
6	169	-31
6	170	59
6	171	-7
6	172	68
6	173	27
6	174	94
6	175	-50
6	176	68
6	177	3
6	178	14
6	179	-32
6	180	27
6	181	19
6	182	10
6	183	-12
6	184	10
6	185	-4
6	186	73
6	187	-31
6	188	10
6	189	-17
6	190	61
6	191	-20
6	192	46
6	193	18
6	194	69
6	195	-10
6	196	52
6	197	-3
6	198	57
6	199	-35
6	200	40
6	201	0
6	202	84
6	203	-8
6	204	26
6	205	-39
6	206	71
6	207	-13
6	208	73
6	209	-27
6	210	40
6	211	-38
6	212	47
6	213	-12
6	214	21
6	215	-53
6	216	41
6	217	-8
6	218	35
6	219	7
6	220	35
6	221	36
6	222	18
6	223	6
6	224	54
6	225	-35
6	226	30
6	227	-19
6	228	33
6	229	-44
6	230	52
6	231	-14
6	232	59
6	233	-10
6	234	48
6	235	-19
6	236	61
6	237	-1
6	238	64
6	239	-9
6	240	68
6	241	-37
6	242	77
6	243	-31
6	244	20
6	245	-20
6	246	10
6	247	-22
6	248	49
6	249	0
6	250	56
6	251	-18
6	252	63
6	253	-19
6	254	34
6	255	1
6	256	11
6	257	3
6	258	42
6	259	-21
6	260	10
6	261	-3
6	262	36
6	263	-6
6	264	73
6	265	-25
6	266	85
6	267	-17
6	268	14
6	269	-4
6	270	72
6	271	-21
6	272	25
6	273	-22
6	274	83
6	275	-48
6	276	70
6	277	8
6	278	10
6	279	4
6	280	36
6	281	-3
6	282	47
6	283	1
6	284	27
6	285	17
6	286	36
6	287	-41
6	288	58
6	289	-19
6	290	57
6	291	18
6	292	61
6	293	-7
6	294	46
6	295	-13
6	296	7
6	297	16
6	298	56
6	299	0
6	300	52
6	301	-22
6	302	47
6	303	-24
6	304	38
6	305	25
6	306	38
6	307	4
6	308	63
6	309	1
6	310	68
6	311	21
6	312	43
6	313	4
6	314	73
6	315	-5
6	316	39
6	317	-6
6	318	46
6	319	-6
6	320	36
6	321	-22
6	322	26
6	323	14
6	324	25
6	325	-9
6	326	28
6	327	-22
6	328	56
6	329	-16
6	330	35
6	331	-35
6	332	57
6	333	-8
6	334	60
6	335	-15
6	336	50
6	337	-16
6	338	-2
6	339	-12
6	340	15
6	341	13
6	342	30
6	343	-15
6	344	75
6	345	-27
6	346	33
6	347	-37
6	348	33
6	349	26
6	350	57
6	351	-13
6	352	58
6	353	-16
6	354	23
6	355	2
6	356	26
6	357	-26
6	358	46
6	359	-30
6	360	36
6	361	-29
6	362	55
6	363	-11
6	364	105
6	365	-8
6	366	62
6	367	-13
6	368	56
6	369	-23
6	370	57
6	371	-16
6	372	36
6	373	9
6	374	40
6	375	18
6	376	62
6	377	-13
6	378	54
6	379	11
6	380	40
6	381	0
6	382	73
6	383	-2
6	384	52
6	385	19
6	386	26
6	387	-58
6	388	36
6	389	5
6	390	34
6	391	-26
6	392	37
6	393	45
6	394	45
6	395	15
6	396	61
6	397	2
6	398	57
6	399	-11
6	400	27
6	401	22
6	402	43
6	403	-20
6	404	49
6	405	-7
6	406	56
6	407	29
6	408	52
6	409	-17
6	410	53
6	411	30
6	412	63
6	413	36
6	414	51
6	415	-65
6	416	32
6	417	-17
6	418	47
6	419	11
6	420	56
6	421	-14
6	422	18
6	423	-12
6	424	45
6	425	-30
6	426	64
6	427	4
6	428	36
6	429	-3
6	430	48
6	431	44
6	432	48
6	433	36
6	434	44
6	435	-5
6	436	24
6	437	-29
6	438	41
6	439	6
6	440	43
6	441	-12
6	442	90
6	443	-30
6	444	86
6	445	-11
6	446	90
6	447	-12
6	448	-5
6	449	4
6	450	94
6	451	-23
6	452	23
6	453	-11
6	454	36
6	455	27
6	456	63
6	457	-27
6	458	75
6	459	9
6	460	59
6	461	13
6	462	74
6	463	17
6	464	16
6	465	0
6	466	46
6	467	3
6	468	35
6	469	-15
6	470	14
6	471	-25
6	472	44
6	473	-15
6	474	69
6	475	9
6	476	15
6	477	-19
6	478	31
6	479	0
6	480	21
6	481	10
6	482	51
6	483	-33
6	484	27
6	485	-6
6	486	53
6	487	52
6	488	57
6	489	23
6	490	34
6	491	-18
6	492	20
6	493	-34
6	494	58
6	495	7
6	496	96
6	497	12
6	498	-8
6	499	-87
6	500	-39
6	501	-126
6	502	-7
6	503	-98
6	504	59
6	505	2
6	506	57
6	507	6
6	508	36
6	509	-31
6	510	42
6	511	-15
6	512	16
6	513	-6
6	514	-69
6	515	-8
6	516	-20
6	517	-15
6	518	-16
6	519	-9
6	520	-26
6	521	-40
6	522	-3
6	523	16
6	524	-19
6	525	-15
6	526	-62
6	527	-24
6	528	9
6	529	-45
6	530	-35
6	531	-11
6	532	-7
6	533	-5
6	534	17
6	535	-2
6	536	29
6	537	-33
6	538	1
6	539	-20
6	540	-34
6	541	-26
6	542	-13
6	543	7
6	544	-12
6	545	5
6	546	-8
6	547	-18
6	548	6
6	549	-61
6	550	-25
6	551	-17
6	552	14
6	553	5
6	554	-16
6	555	41
6	556	-26
6	557	-25
6	558	-15
6	559	0
6	560	11
6	561	-44
6	562	-41
6	563	8
6	564	-8
6	565	7
6	566	8
6	567	-40
6	568	4
6	569	-51
6	570	-58
6	571	-70
6	572	-26
6	573	-4
6	574	-19
6	575	-17
6	576	-6
6	577	-67
6	578	-7
6	579	-17
6	580	-22
6	581	1
6	582	5
6	583	0
6	584	-10
6	585	4
6	586	1
6	587	-23
6	588	-50
6	589	-14
6	590	3
6	591	-28
6	592	-16
6	593	9
6	594	-16
6	595	-23
6	596	-10
6	597	-70
6	598	-49
6	599	-47
6	600	20
6	601	-38
6	602	-31
6	603	10
6	604	-39
6	605	-24
6	606	-4
6	607	-28
6	608	-40
6	609	-7
6	610	-5
6	611	-28
6	612	10
6	613	-38
6	614	-44
6	615	-29
6	616	-20
6	617	-16
6	618	1
6	619	-16
6	620	-23
6	621	-21
6	622	-3
6	623	-39
6	624	0
6	625	-32
6	626	-53
6	627	6
6	628	-3
6	629	-3
6	630	-2
6	631	-42
6	632	13
6	633	-6
6	634	-14
6	635	-46
6	636	-24
6	637	-15
6	638	18
6	639	0
6	640	-7
6	641	-25
6	642	-18
6	643	-15
6	644	-38
6	645	-34
6	646	-8
6	647	-19
6	648	-53
6	649	-26
6	650	-27
6	651	-5
6	652	-16
6	653	-41
6	654	-20
6	655	-9
6	656	11
6	657	-23
6	658	23
6	659	-5
6	660	3
6	661	1
6	662	-19
6	663	17
6	664	-6
6	665	-29
6	666	-47
6	667	-2
6	668	-14
6	669	20
6	670	-53
6	671	-2
6	672	-36
6	673	11
6	674	12
6	675	-6
6	676	-17
6	677	-12
6	678	-20
6	679	-8
6	680	-31
6	681	-22
6	682	-38
6	683	-40
6	684	-25
6	685	-47
6	686	-39
6	687	-36
6	688	-7
6	689	-19
6	690	5
6	691	-33
6	692	22
6	693	-2
6	694	-3
6	695	29
6	696	-32
6	697	-5
6	698	-13
6	699	-36
6	700	-17
6	701	-7
6	702	-2
6	703	0
6	704	-13
6	705	-3
6	706	-6
6	707	-34
6	708	-59
6	709	-35
6	710	1
6	711	-13
6	712	-31
6	713	-23
6	714	-11
6	715	-6
6	716	-2
6	717	-17
6	718	-3
6	719	33
6	720	-9
6	721	-28
6	722	-22
6	723	0
6	724	-20
6	725	-19
6	726	-44
6	727	2
6	728	8
6	729	13
6	730	-21
6	731	-4
6	732	6
6	733	2
6	734	-7
6	735	-35
6	736	-43
6	737	6
6	738	-26
6	739	-68
6	740	-36
6	741	-23
6	742	-76
6	743	-46
6	744	-11
6	745	1
6	746	-22
6	747	32
6	748	-32
6	749	-31
6	750	-17
6	751	17
6	752	-29
6	753	-22
6	754	-45
6	755	-38
6	756	-3
6	757	-9
6	758	-37
6	759	-48
6	760	-13
6	761	-21
6	762	28
6	763	-15
6	764	0
6	765	-39
6	766	-15
6	767	-22
6	768	-18
6	769	-38
6	770	-15
6	771	-13
6	772	-33
6	773	-51
6	774	-21
6	775	-17
6	776	13
6	777	-5
6	778	-12
6	779	-28
6	780	-19
6	781	-30
6	782	-38
6	783	-39
6	784	-17
6	785	-22
6	786	-32
6	787	8
6	788	-22
6	789	8
6	790	-45
6	791	11
6	792	4
6	793	-8
6	794	-28
6	795	-21
6	796	-26
6	797	4
6	798	-48
6	799	-23
6	800	3
6	801	16
6	802	-12
6	803	-4
6	804	-21
6	805	-11
6	806	0
6	807	-67
6	808	4
6	809	-47
6	810	18
6	811	2
6	812	-11
6	813	-65
6	814	-24
6	815	-14
6	816	8
6	817	-17
6	818	-10
6	819	-23
6	820	-10
6	821	21
6	822	-17
6	823	-38
6	824	-14
6	825	-63
6	826	-4
6	827	-64
6	828	6
6	829	-45
6	830	3
6	831	9
6	832	-35
6	833	-29
6	834	-8
6	835	-20
6	836	-41
6	837	-39
6	838	-5
6	839	-64
6	840	-13
6	841	-38
6	842	10
6	843	-19
6	844	-67
6	845	-16
6	846	-24
6	847	0
6	848	-18
6	849	-2
6	850	-46
6	851	-26
6	852	-9
6	853	-21
6	854	-26
6	855	-17
6	856	-2
6	857	3
6	858	18
6	859	-10
6	860	-16
6	861	16
6	862	-27
6	863	-32
6	864	-24
6	865	-12
6	866	-24
6	867	-25
6	868	-37
6	869	-19
6	870	-9
6	871	-31
6	872	-38
6	873	-22
6	874	11
6	875	-25
6	876	16
6	877	6
6	878	-20
6	879	-11
6	880	-16
6	881	-9
6	882	-10
6	883	-19
6	884	-34
6	885	-17
6	886	17
6	887	-21
6	888	-20
6	889	-23
6	890	-26
6	891	-35
6	892	-53
6	893	-12
6	894	-12
6	895	3
6	896	-17
6	897	-76
6	898	-16
6	899	-11
6	900	-32
6	901	-7
6	902	52
6	903	-26
6	904	-20
6	905	4
6	906	-32
6	907	-7
6	908	11
6	909	-41
6	910	2
6	911	10
6	912	-14
6	913	-14
6	914	-18
6	915	-60
6	916	-20
6	917	-9
6	918	-35
6	919	26
6	920	-4
6	921	-40
6	922	-18
6	923	-36
6	924	-7
6	925	-12
6	926	-13
6	927	0
6	928	-8
6	929	-37
6	930	-28
6	931	-15
6	932	-19
6	933	-41
6	934	-3
6	935	-23
6	936	18
6	937	-2
6	938	1
6	939	-6
6	940	11
6	941	-22
6	942	-44
6	943	-38
6	944	3
6	945	-20
6	946	-30
6	947	-13
6	948	-26
6	949	-55
6	950	9
6	951	23
6	952	-29
6	953	-57
6	954	-23
6	955	-12
6	956	-25
6	957	-18
6	958	-58
6	959	-11
6	960	5
6	961	-70
6	962	-43
6	963	-7
6	964	-21
6	965	-31
6	966	-49
6	967	-38
6	968	16
6	969	-31
6	970	-17
6	971	-21
6	972	13
6	973	-9
6	974	-21
6	975	-10
6	976	-30
6	977	-32
6	978	-18
6	979	-26
6	980	-7
6	981	-5
6	982	20
6	983	-63
6	984	-21
6	985	-48
6	986	-34
6	987	-1
6	988	-51
6	989	-10
6	990	-10
6	991	-3
6	992	-12
6	993	-46
6	994	-12
6	995	-35
6	996	-10
6	997	-17
6	998	-48
6	999	8
6	1000	6
6	1001	-2
6	1002	5
6	1003	-38
6	1004	-11
6	1005	-17
6	1006	-33
6	1007	-1
6	1008	-34
6	1009	0
6	1010	-47
6	1011	-22
6	1012	-24
6	1013	-20
6	1014	-39
6	1015	-54
6	1016	-42
6	1017	-7
6	1018	-32
6	1019	-22
6	1020	8
6	1021	0
6	1022	-36
6	1023	-52
7	0	36
7	1	-36
7	2	0
7	3	32
7	4	61
7	5	-2
7	6	24
7	7	-7
7	8	51
7	9	23
7	10	57
7	11	-21
7	12	32
7	13	-19
7	14	43
7	15	9
7	16	32
7	17	5
7	18	70
7	19	-22
7	20	34
7	21	-48
7	22	47
7	23	-7
7	24	57
7	25	17
7	26	35
7	27	-2
7	28	43
7	29	-20
7	30	49
7	31	-19
7	32	43
7	33	-46
7	34	75
7	35	-36
7	36	51
7	37	-18
7	38	28
7	39	-23
7	40	43
7	41	-12
7	42	58
7	43	-11
7	44	41
7	45	6
7	46	14
7	47	-31
7	48	-4
7	49	-3
7	50	57
7	51	-26
7	52	9
7	53	2
7	54	48
7	55	9
7	56	61
7	57	37
7	58	69
7	59	4
7	60	37
7	61	-19
7	62	63
7	63	-56
7	64	36
7	65	-10
7	66	64
7	67	-50
7	68	8
7	69	-1
7	70	56
7	71	-15
7	72	64
7	73	-10
7	74	59
7	75	6
7	76	24
7	77	26
7	78	31
7	79	4
7	80	40
7	81	-12
7	82	42
7	83	-6
7	84	43
7	85	14
7	86	26
7	87	-19
7	88	37
7	89	-24
7	90	3
7	91	12
7	92	53
7	93	14
7	94	79
7	95	21
7	96	31
7	97	-34
7	98	64
7	99	2
7	100	59
7	101	-7
7	102	48
7	103	-30
7	104	41
7	105	-16
7	106	49
7	107	-7
7	108	41
7	109	4
7	110	33
7	111	-37
7	112	48
7	113	-65
7	114	67
7	115	-50
7	116	39
7	117	-54
7	118	23
7	119	-14
7	120	51
7	121	-9
7	122	59
7	123	-32
7	124	63
7	125	0
7	126	21
7	127	-29
7	128	56
7	129	-10
7	130	10
7	131	-33
7	132	64
7	133	-42
7	134	10
7	135	-53
7	136	62
7	137	-24
7	138	62
7	139	16
7	140	42
7	141	6
7	142	61
7	143	18
7	144	43
7	145	46
7	146	16
7	147	-29
7	148	39
7	149	-20
7	150	31
7	151	19
7	152	31
7	153	8
7	154	43
7	155	15
7	156	41
7	157	-12
7	158	41
7	159	-31
7	160	56
7	161	-30
7	162	38
7	163	18
7	164	32
7	165	-17
7	166	27
7	167	-3
7	168	71
7	169	0
7	170	44
7	171	-20
7	172	-7
7	173	36
7	174	29
7	175	-39
7	176	55
7	177	4
7	178	67
7	179	-33
7	180	86
7	181	-27
7	182	62
7	183	-20
7	184	62
7	185	0
7	186	54
7	187	-23
7	188	57
7	189	-6
7	190	54
7	191	14
7	192	59
7	193	-18
7	194	60
7	195	-14
7	196	49
7	197	-15
7	198	39
7	199	-39
7	200	69
7	201	7
7	202	39
7	203	-16
7	204	33
7	205	9
7	206	32
7	207	-31
7	208	11
7	209	-23
7	210	65
7	211	11
7	212	17
7	213	-16
7	214	42
7	215	-19
7	216	25
7	217	-35
7	218	49
7	219	-7
7	220	91
7	221	22
7	222	46
7	223	-21
7	224	27
7	225	4
7	226	16
7	227	-3
7	228	29
7	229	-33
7	230	17
7	231	-24
7	232	69
7	233	-44
7	234	69
7	235	-48
7	236	45
7	237	-35
7	238	61
7	239	-32
7	240	30
7	241	14
7	242	23
7	243	4
7	244	57
7	245	3
7	246	47
7	247	-17
7	248	69
7	249	-16
7	250	54
7	251	-4
7	252	39
7	253	-42
7	254	22
7	255	-23
7	256	32
7	257	-39
7	258	7
7	259	-45
7	260	40
7	261	34
7	262	40
7	263	-35
7	264	21
7	265	-14
7	266	35
7	267	20
7	268	49
7	269	-30
7	270	46
7	271	-59
7	272	31
7	273	2
7	274	45
7	275	1
7	276	44
7	277	10
7	278	17
7	279	4
7	280	52
7	281	-17
7	282	39
7	283	-38
7	284	52
7	285	-10
7	286	45
7	287	6
7	288	40
7	289	0
7	290	77
7	291	0
7	292	40
7	293	24
7	294	44
7	295	13
7	296	71
7	297	15
7	298	88
7	299	-55
7	300	54
7	301	9
7	302	71
7	303	-7
7	304	42
7	305	18
7	306	64
7	307	0
7	308	44
7	309	-8
7	310	55
7	311	-38
7	312	53
7	313	-17
7	314	41
7	315	2
7	316	38
7	317	15
7	318	37
7	319	-16
7	320	33
7	321	-31
7	322	16
7	323	-17
7	324	38
7	325	-6
7	326	23
7	327	-32
7	328	19
7	329	-18
7	330	30
7	331	-32
7	332	77
7	333	-23
7	334	72
7	335	20
7	336	41
7	337	-3
7	338	21
7	339	-46
7	340	14
7	341	-19
7	342	40
7	343	10
7	344	23
7	345	-13
7	346	31
7	347	23
7	348	31
7	349	30
7	350	63
7	351	-8
7	352	53
7	353	-13
7	354	58
7	355	19
7	356	48
7	357	0
7	358	35
7	359	-8
7	360	39
7	361	-24
7	362	51
7	363	7
7	364	34
7	365	-22
7	366	35
7	367	-6
7	368	48
7	369	2
7	370	43
7	371	-4
7	372	36
7	373	-11
7	374	46
7	375	2
7	376	57
7	377	-43
7	378	60
7	379	-11
7	380	6
7	381	22
7	382	-8
7	383	-17
7	384	30
7	385	12
7	386	37
7	387	-20
7	388	42
7	389	-18
7	390	94
7	391	-13
7	392	42
7	393	-6
7	394	35
7	395	11
7	396	35
7	397	9
7	398	24
7	399	4
7	400	53
7	401	6
7	402	74
7	403	13
7	404	-3
7	405	-16
7	406	35
7	407	-40
7	408	67
7	409	-21
7	410	59
7	411	-16
7	412	25
7	413	13
7	414	48
7	415	21
7	416	14
7	417	2
7	418	43
7	419	-32
7	420	42
7	421	-4
7	422	34
7	423	-5
7	424	42
7	425	28
7	426	33
7	427	15
7	428	58
7	429	-26
7	430	76
7	431	-24
7	432	37
7	433	-13
7	434	24
7	435	-33
7	436	47
7	437	-12
7	438	58
7	439	-18
7	440	51
7	441	13
7	442	81
7	443	18
7	444	30
7	445	4
7	446	47
7	447	-21
7	448	55
7	449	-11
7	450	71
7	451	4
7	452	27
7	453	-13
7	454	58
7	455	0
7	456	65
7	457	-4
7	458	34
7	459	18
7	460	41
7	461	2
7	462	45
7	463	16
7	464	53
7	465	32
7	466	66
7	467	-33
7	468	51
7	469	9
7	470	48
7	471	-20
7	472	53
7	473	12
7	474	36
7	475	-18
7	476	73
7	477	-23
7	478	63
7	479	16
7	480	70
7	481	35
7	482	69
7	483	-3
7	484	47
7	485	19
7	486	55
7	487	-19
7	488	54
7	489	-26
7	490	42
7	491	-22
7	492	52
7	493	-8
7	494	41
7	495	-17
7	496	58
7	497	6
7	498	-46
7	499	-123
7	500	-41
7	501	-79
7	502	-39
7	503	-71
7	504	21
7	505	39
7	506	55
7	507	-11
7	508	23
7	509	-10
7	510	37
7	511	-2
7	512	1
7	513	-30
7	514	-39
7	515	6
7	516	-40
7	517	19
7	518	-59
7	519	-21
7	520	-20
7	521	-11
7	522	-20
7	523	-28
7	524	-21
7	525	-12
7	526	-23
7	527	-27
7	528	-17
7	529	-3
7	530	3
7	531	-18
7	532	-31
7	533	3
7	534	-13
7	535	-24
7	536	-24
7	537	-30
7	538	22
7	539	17
7	540	-3
7	541	7
7	542	-12
7	543	0
7	544	-31
7	545	-36
7	546	-23
7	547	-18
7	548	-15
7	549	-61
7	550	-50
7	551	-36
7	552	-41
7	553	-23
7	554	15
7	555	-11
7	556	-25
7	557	-40
7	558	1
7	559	4
7	560	-4
7	561	-39
7	562	-52
7	563	-30
7	564	-27
7	565	-13
7	566	-42
7	567	1
7	568	14
7	569	1
7	570	-28
7	571	-15
7	572	-23
7	573	-26
7	574	-35
7	575	-34
7	576	-5
7	577	-16
7	578	-23
7	579	-46
7	580	-43
7	581	-8
7	582	-16
7	583	20
7	584	-33
7	585	-20
7	586	-17
7	587	-18
7	588	-44
7	589	23
7	590	-14
7	591	-7
7	592	-48
7	593	-35
7	594	-17
7	595	-47
7	596	-57
7	597	-35
7	598	18
7	599	-32
7	600	-24
7	601	-18
7	602	4
7	603	-47
7	604	-44
7	605	15
7	606	-27
7	607	-2
7	608	-34
7	609	-11
7	610	7
7	611	12
7	612	6
7	613	-14
7	614	30
7	615	-24
7	616	-33
7	617	-7
7	618	-43
7	619	9
7	620	9
7	621	6
7	622	4
7	623	14
7	624	16
7	625	-39
7	626	-16
7	627	0
7	628	19
7	629	3
7	630	-31
7	631	-39
7	632	-21
7	633	-37
7	634	-17
7	635	-14
7	636	-31
7	637	-23
7	638	9
7	639	10
7	640	0
7	641	-14
7	642	-16
7	643	-3
7	644	2
7	645	-16
7	646	-16
7	647	9
7	648	11
7	649	-14
7	650	-13
7	651	-13
7	652	-15
7	653	31
7	654	-27
7	655	-14
7	656	-2
7	657	-20
7	658	-36
7	659	-41
7	660	3
7	661	-33
7	662	0
7	663	11
7	664	-21
7	665	23
7	666	-20
7	667	-2
7	668	20
7	669	-11
7	670	4
7	671	-6
7	672	1
7	673	-18
7	674	-22
7	675	-35
7	676	20
7	677	-12
7	678	-28
7	679	-27
7	680	-14
7	681	-4
7	682	-37
7	683	-4
7	684	-25
7	685	-22
7	686	-49
7	687	-5
7	688	-23
7	689	-38
7	690	15
7	691	-17
7	692	-12
7	693	-3
7	694	4
7	695	-30
7	696	-23
7	697	-50
7	698	-1
7	699	15
7	700	-21
7	701	-8
7	702	-35
7	703	-52
7	704	-51
7	705	-32
7	706	-17
7	707	-23
7	708	-53
7	709	-27
7	710	-60
7	711	14
7	712	-2
7	713	-25
7	714	-8
7	715	-25
7	716	-28
7	717	-18
7	718	-46
7	719	-18
7	720	1
7	721	-15
7	722	-13
7	723	-43
7	724	-4
7	725	-29
7	726	-26
7	727	-3
7	728	-18
7	729	-7
7	730	-26
7	731	-37
7	732	-46
7	733	1
7	734	-35
7	735	-5
7	736	-39
7	737	-12
7	738	-59
7	739	-47
7	740	-29
7	741	-18
7	742	36
7	743	11
7	744	-33
7	745	35
7	746	-49
7	747	-33
7	748	43
7	749	-39
7	750	-63
7	751	-47
7	752	30
7	753	-16
7	754	-11
7	755	6
7	756	-5
7	757	-21
7	758	-41
7	759	-19
7	760	9
7	761	-50
7	762	-2
7	763	9
7	764	-11
7	765	-13
7	766	-8
7	767	-24
7	768	-37
7	769	-22
7	770	-11
7	771	-23
7	772	-37
7	773	-13
7	774	-31
7	775	16
7	776	-19
7	777	-25
7	778	-57
7	779	-24
7	780	0
7	781	8
7	782	-29
7	783	-29
7	784	-31
7	785	-3
7	786	-9
7	787	-21
7	788	23
7	789	-31
7	790	-13
7	791	-32
7	792	-23
7	793	-20
7	794	19
7	795	24
7	796	-11
7	797	-44
7	798	-37
7	799	-15
7	800	-42
7	801	-8
7	802	-22
7	803	-25
7	804	0
7	805	-14
7	806	-3
7	807	-49
7	808	-1
7	809	13
7	810	-15
7	811	-17
7	812	-9
7	813	-53
7	814	-51
7	815	1
7	816	43
7	817	-2
7	818	-33
7	819	-19
7	820	-44
7	821	-48
7	822	-9
7	823	-22
7	824	15
7	825	-62
7	826	-20
7	827	1
7	828	-32
7	829	-24
7	830	-34
7	831	-11
7	832	10
7	833	-8
7	834	-4
7	835	0
7	836	1
7	837	-45
7	838	-8
7	839	-19
7	840	-18
7	841	-33
7	842	18
7	843	-28
7	844	0
7	845	4
7	846	-60
7	847	-23
7	848	-1
7	849	-52
7	850	-20
7	851	-15
7	852	0
7	853	21
7	854	-64
7	855	8
7	856	-11
7	857	-16
7	858	2
7	859	-39
7	860	-3
7	861	17
7	862	3
7	863	19
7	864	-21
7	865	-19
7	866	-20
7	867	-25
7	868	-31
7	869	-16
7	870	-34
7	871	-9
7	872	-58
7	873	-39
7	874	40
7	875	-32
7	876	-38
7	877	-7
7	878	-16
7	879	-14
7	880	-18
7	881	-57
7	882	-24
7	883	-38
7	884	11
7	885	-29
7	886	-59
7	887	-10
7	888	-12
7	889	-40
7	890	-16
7	891	7
7	892	14
7	893	-14
7	894	-32
7	895	-5
7	896	-47
7	897	10
7	898	-8
7	899	-14
7	900	-48
7	901	-24
7	902	2
7	903	-34
7	904	-1
7	905	-49
7	906	-59
7	907	17
7	908	0
7	909	-18
7	910	-18
7	911	2
7	912	-18
7	913	16
7	914	-23
7	915	-26
7	916	-36
7	917	-26
7	918	-20
7	919	-15
7	920	27
7	921	-6
7	922	17
7	923	1
7	924	-30
7	925	-9
7	926	-35
7	927	-35
7	928	-4
7	929	0
7	930	-48
7	931	-42
7	932	-28
7	933	-51
7	934	27
7	935	28
7	936	-34
7	937	-29
7	938	-22
7	939	0
7	940	-13
7	941	5
7	942	-32
7	943	-22
7	944	-36
7	945	2
7	946	-31
7	947	-34
7	948	14
7	949	-17
7	950	3
7	951	4
7	952	-9
7	953	18
7	954	27
7	955	-42
7	956	-59
7	957	-31
7	958	8
7	959	-39
7	960	-54
7	961	-22
7	962	-10
7	963	-15
7	964	-11
7	965	-73
7	966	-64
7	967	-37
7	968	-13
7	969	-9
7	970	-9
7	971	-19
7	972	-30
7	973	-6
7	974	-24
7	975	44
7	976	-11
7	977	0
7	978	13
7	979	-9
7	980	-13
7	981	-34
7	982	-33
7	983	2
7	984	-42
7	985	-18
7	986	8
7	987	-14
7	988	-54
7	989	-7
7	990	-17
7	991	-18
7	992	-37
7	993	-44
7	994	-3
7	995	9
7	996	-35
7	997	-14
7	998	-9
7	999	-21
7	1000	14
7	1001	-4
7	1002	-38
7	1003	2
7	1004	-48
7	1005	6
7	1006	1
7	1007	-11
7	1008	-26
7	1009	-46
7	1010	-55
7	1011	-32
7	1012	15
7	1013	-68
7	1014	-27
7	1015	29
7	1016	-29
7	1017	-15
7	1018	7
7	1019	-34
7	1020	-13
7	1021	10
7	1022	14
7	1023	-52
8	0	15
8	1	-13
8	2	91
8	3	14
8	4	13
8	5	-1
8	6	38
8	7	9
8	8	25
8	9	0
8	10	49
8	11	-40
8	12	54
8	13	-29
8	14	53
8	15	-28
8	16	8
8	17	23
8	18	33
8	19	-11
8	20	46
8	21	41
8	22	58
8	23	-5
8	24	70
8	25	11
8	26	62
8	27	-8
8	28	28
8	29	6
8	30	66
8	31	-13
8	32	32
8	33	-6
8	34	81
8	35	7
8	36	28
8	37	56
8	38	47
8	39	-13
8	40	49
8	41	13
8	42	32
8	43	-41
8	44	23
8	45	-25
8	46	63
8	47	34
8	48	56
8	49	-4
8	50	24
8	51	-35
8	52	67
8	53	2
8	54	65
8	55	-15
8	56	37
8	57	-15
8	58	8
8	59	-37
8	60	44
8	61	33
8	62	33
8	63	-7
8	64	30
8	65	3
8	66	28
8	67	-37
8	68	38
8	69	-4
8	70	59
8	71	-27
8	72	31
8	73	-10
8	74	29
8	75	16
8	76	70
8	77	0
8	78	89
8	79	-13
8	80	47
8	81	-17
8	82	38
8	83	-16
8	84	68
8	85	5
8	86	52
8	87	11
8	88	29
8	89	-15
8	90	10
8	91	10
8	92	27
8	93	-8
8	94	84
8	95	-26
8	96	78
8	97	11
8	98	35
8	99	-51
8	100	14
8	101	60
8	102	35
8	103	-16
8	104	48
8	105	10
8	106	55
8	107	30
8	108	38
8	109	12
8	110	3
8	111	5
8	112	28
8	113	9
8	114	59
8	115	-2
8	116	40
8	117	46
8	118	33
8	119	7
8	120	41
8	121	3
8	122	48
8	123	0
8	124	54
8	125	-26
8	126	47
8	127	-17
8	128	17
8	129	-2
8	130	61
8	131	8
8	132	53
8	133	-21
8	134	57
8	135	-44
8	136	42
8	137	-3
8	138	67
8	139	-12
8	140	46
8	141	-45
8	142	25
8	143	-8
8	144	32
8	145	-8
8	146	72
8	147	12
8	148	33
8	149	43
8	150	38
8	151	-21
8	152	11
8	153	-4
8	154	44
8	155	18
8	156	67
8	157	-9
8	158	62
8	159	-39
8	160	2
8	161	30
8	162	59
8	163	23
8	164	49
8	165	-28
8	166	-3
8	167	-31
8	168	16
8	169	-38
8	170	72
8	171	23
8	172	29
8	173	-15
8	174	60
8	175	20
8	176	17
8	177	20
8	178	52
8	179	-22
8	180	52
8	181	-2
8	182	42
8	183	-30
8	184	11
8	185	24
8	186	24
8	187	-15
8	188	63
8	189	20
8	190	33
8	191	-25
8	192	17
8	193	5
8	194	40
8	195	-12
8	196	69
8	197	-38
8	198	40
8	199	4
8	200	25
8	201	-13
8	202	18
8	203	-10
8	204	28
8	205	-14
8	206	23
8	207	-31
8	208	34
8	209	-46
8	210	36
8	211	-10
8	212	26
8	213	3
8	214	27
8	215	5
8	216	64
8	217	5
8	218	67
8	219	-10
8	220	50
8	221	-22
8	222	46
8	223	7
8	224	35
8	225	6
8	226	42
8	227	-14
8	228	53
8	229	0
8	230	36
8	231	-23
8	232	19
8	233	16
8	234	6
8	235	9
8	236	39
8	237	24
8	238	84
8	239	13
8	240	52
8	241	6
8	242	21
8	243	-9
8	244	49
8	245	-15
8	246	23
8	247	-5
8	248	64
8	249	23
8	250	45
8	251	-36
8	252	13
8	253	21
8	254	-4
8	255	43
8	256	59
8	257	-2
8	258	63
8	259	-7
8	260	39
8	261	9
8	262	13
8	263	-29
8	264	51
8	265	4
8	266	40
8	267	-30
8	268	75
8	269	12
8	270	48
8	271	0
8	272	56
8	273	-12
8	274	15
8	275	0
8	276	65
8	277	25
8	278	42
8	279	-23
8	280	54
8	281	16
8	282	67
8	283	-8
8	284	67
8	285	-2
8	286	42
8	287	11
8	288	12
8	289	26
8	290	67
8	291	-23
8	292	35
8	293	-4
8	294	52
8	295	-6
8	296	43
8	297	14
8	298	17
8	299	-8
8	300	-17
8	301	40
8	302	35
8	303	17
8	304	43
8	305	-4
8	306	43
8	307	20
8	308	48
8	309	20
8	310	49
8	311	2
8	312	35
8	313	1
8	314	40
8	315	2
8	316	57
8	317	-14
8	318	60
8	319	-26
8	320	52
8	321	-6
8	322	37
8	323	-38
8	324	24
8	325	3
8	326	40
8	327	11
8	328	49
8	329	-8
8	330	79
8	331	7
8	332	66
8	333	-15
8	334	45
8	335	18
8	336	10
8	337	-34
8	338	31
8	339	-20
8	340	-5
8	341	-7
8	342	104
8	343	-11
8	344	27
8	345	-1
8	346	52
8	347	-19
8	348	47
8	349	14
8	350	43
8	351	-27
8	352	46
8	353	13
8	354	74
8	355	-11
8	356	34
8	357	-5
8	358	31
8	359	-14
8	360	61
8	361	-11
8	362	44
8	363	7
8	364	12
8	365	-17
8	366	3
8	367	11
8	368	41
8	369	-28
8	370	71
8	371	28
8	372	25
8	373	28
8	374	56
8	375	-13
8	376	45
8	377	-14
8	378	39
8	379	14
8	380	53
8	381	6
8	382	53
8	383	-6
8	384	5
8	385	19
8	386	17
8	387	-8
8	388	86
8	389	-35
8	390	16
8	391	-9
8	392	46
8	393	-36
8	394	32
8	395	3
8	396	7
8	397	-10
8	398	68
8	399	-1
8	400	31
8	401	7
8	402	89
8	403	18
8	404	30
8	405	-11
8	406	42
8	407	-17
8	408	67
8	409	49
8	410	56
8	411	7
8	412	39
8	413	-20
8	414	49
8	415	-5
8	416	53
8	417	0
8	418	-13
8	419	17
8	420	43
8	421	16
8	422	70
8	423	-25
8	424	39
8	425	13
8	426	26
8	427	-39
8	428	79
8	429	-13
8	430	71
8	431	-19
8	432	28
8	433	-6
8	434	66
8	435	-16
8	436	33
8	437	6
8	438	19
8	439	-6
8	440	15
8	441	21
8	442	40
8	443	16
8	444	56
8	445	33
8	446	37
8	447	-22
8	448	54
8	449	18
8	450	46
8	451	15
8	452	32
8	453	-18
8	454	0
8	455	2
8	456	58
8	457	-5
8	458	49
8	459	-13
8	460	27
8	461	-5
8	462	20
8	463	-22
8	464	53
8	465	-3
8	466	67
8	467	2
8	468	7
8	469	-31
8	470	40
8	471	34
8	472	89
8	473	6
8	474	23
8	475	-49
8	476	64
8	477	-6
8	478	43
8	479	0
8	480	7
8	481	25
8	482	48
8	483	30
8	484	49
8	485	-9
8	486	15
8	487	-4
8	488	32
8	489	-7
8	490	31
8	491	35
8	492	47
8	493	-35
8	494	26
8	495	-26
8	496	53
8	497	16
8	498	-9
8	499	-89
8	500	-44
8	501	-31
8	502	-41
8	503	-90
8	504	54
8	505	15
8	506	30
8	507	-18
8	508	52
8	509	2
8	510	40
8	511	-36
8	512	-35
8	513	-12
8	514	-23
8	515	16
8	516	-20
8	517	-21
8	518	-15
8	519	1
8	520	-28
8	521	-35
8	522	-38
8	523	-33
8	524	-23
8	525	-45
8	526	-21
8	527	15
8	528	-44
8	529	-29
8	530	-22
8	531	13
8	532	20
8	533	-41
8	534	-21
8	535	-17
8	536	2
8	537	-26
8	538	-16
8	539	-5
8	540	-18
8	541	-37
8	542	-27
8	543	-11
8	544	-20
8	545	-20
8	546	-37
8	547	-20
8	548	8
8	549	-13
8	550	-20
8	551	-22
8	552	-24
8	553	-56
8	554	-45
8	555	-14
8	556	11
8	557	23
8	558	-11
8	559	-18
8	560	-29
8	561	-41
8	562	21
8	563	-12
8	564	-25
8	565	-48
8	566	-56
8	567	-24
8	568	-12
8	569	-3
8	570	-27
8	571	-19
8	572	-27
8	573	-54
8	574	-8
8	575	-15
8	576	-47
8	577	-29
8	578	20
8	579	-18
8	580	-5
8	581	-27
8	582	-36
8	583	-59
8	584	-34
8	585	-34
8	586	25
8	587	-20
8	588	-14
8	589	-40
8	590	-14
8	591	6
8	592	-27
8	593	-22
8	594	-76
8	595	-23
8	596	5
8	597	-10
8	598	-80
8	599	-41
8	600	-48
8	601	-29
8	602	1
8	603	22
8	604	-14
8	605	-30
8	606	-28
8	607	-13
8	608	-13
8	609	-39
8	610	24
8	611	-41
8	612	-1
8	613	-7
8	614	7
8	615	-14
8	616	-55
8	617	-41
8	618	-11
8	619	-19
8	620	3
8	621	5
8	622	-30
8	623	-13
8	624	-22
8	625	-27
8	626	-11
8	627	-39
8	628	-16
8	629	-23
8	630	2
8	631	21
8	632	-26
8	633	-27
8	634	15
8	635	-11
8	636	-8
8	637	-32
8	638	-2
8	639	-20
8	640	-58
8	641	-29
8	642	-21
8	643	-49
8	644	-38
8	645	-41
8	646	-31
8	647	-32
8	648	-4
8	649	-58
8	650	-36
8	651	4
8	652	-41
8	653	-3
8	654	-27
8	655	17
8	656	-13
8	657	-8
8	658	-28
8	659	-3
8	660	-2
8	661	25
8	662	20
8	663	-48
8	664	-35
8	665	-1
8	666	10
8	667	-14
8	668	-16
8	669	-27
8	670	-10
8	671	-22
8	672	-40
8	673	-27
8	674	-23
8	675	-10
8	676	-45
8	677	-26
8	678	-19
8	679	-78
8	680	-23
8	681	-27
8	682	-8
8	683	17
8	684	-17
8	685	5
8	686	-2
8	687	34
8	688	14
8	689	-9
8	690	-70
8	691	3
8	692	-17
8	693	0
8	694	-29
8	695	1
8	696	-39
8	697	-15
8	698	-22
8	699	-5
8	700	-47
8	701	-32
8	702	-4
8	703	-32
8	704	-26
8	705	-18
8	706	6
8	707	25
8	708	5
8	709	-18
8	710	-61
8	711	-37
8	712	-39
8	713	-27
8	714	-31
8	715	-9
8	716	48
8	717	-16
8	718	-32
8	719	-1
8	720	-22
8	721	-71
8	722	-36
8	723	-22
8	724	7
8	725	-17
8	726	-11
8	727	-20
8	728	-35
8	729	-50
8	730	-30
8	731	-59
8	732	5
8	733	-51
8	734	18
8	735	-11
8	736	-51
8	737	-43
8	738	-42
8	739	-10
8	740	-43
8	741	-19
8	742	-46
8	743	-11
8	744	-23
8	745	-25
8	746	42
8	747	0
8	748	-32
8	749	11
8	750	-23
8	751	-8
8	752	-44
8	753	1
8	754	-31
8	755	21
8	756	-46
8	757	-28
8	758	-63
8	759	-14
8	760	5
8	761	15
8	762	-68
8	763	22
8	764	-34
8	765	2
8	766	-45
8	767	14
8	768	-9
8	769	-49
8	770	-22
8	771	-13
8	772	22
8	773	-5
8	774	-12
8	775	-16
8	776	-38
8	777	21
8	778	-6
8	779	-36
8	780	-25
8	781	-1
8	782	-32
8	783	-28
8	784	-32
8	785	-27
8	786	22
8	787	-6
8	788	-54
8	789	-16
8	790	-8
8	791	-45
8	792	-9
8	793	-14
8	794	-14
8	795	-38
8	796	0
8	797	-40
8	798	-1
8	799	-23
8	800	-7
8	801	-13
8	802	-14
8	803	-20
8	804	-4
8	805	-13
8	806	-43
8	807	13
8	808	-43
8	809	-12
8	810	-25
8	811	10
8	812	-31
8	813	-13
8	814	-25
8	815	-21
8	816	-11
8	817	-5
8	818	-26
8	819	-11
8	820	-27
8	821	-34
8	822	-24
8	823	-29
8	824	-48
8	825	-29
8	826	-27
8	827	-14
8	828	-39
8	829	-31
8	830	-28
8	831	-2
8	832	-23
8	833	-25
8	834	-77
8	835	-23
8	836	-10
8	837	-29
8	838	-54
8	839	-4
8	840	-24
8	841	-26
8	842	-16
8	843	-8
8	844	-54
8	845	-43
8	846	27
8	847	-28
8	848	-2
8	849	-17
8	850	-34
8	851	-22
8	852	-12
8	853	-5
8	854	-5
8	855	26
8	856	-52
8	857	5
8	858	-51
8	859	-45
8	860	-14
8	861	-11
8	862	0
8	863	12
8	864	2
8	865	-25
8	866	-8
8	867	-11
8	868	-51
8	869	-3
8	870	-16
8	871	-16
8	872	-11
8	873	12
8	874	-40
8	875	-6
8	876	4
8	877	-30
8	878	2
8	879	-38
8	880	10
8	881	-29
8	882	3
8	883	-48
8	884	4
8	885	-10
8	886	5
8	887	-6
8	888	-41
8	889	-43
8	890	-13
8	891	-26
8	892	-38
8	893	-29
8	894	16
8	895	-43
8	896	-24
8	897	-44
8	898	-67
8	899	-1
8	900	-16
8	901	-50
8	902	-7
8	903	10
8	904	-75
8	905	3
8	906	-41
8	907	-57
8	908	-11
8	909	-31
8	910	-32
8	911	-24
8	912	-32
8	913	11
8	914	-36
8	915	-6
8	916	13
8	917	-17
8	918	-55
8	919	-18
8	920	-8
8	921	-43
8	922	-7
8	923	29
8	924	-46
8	925	-3
8	926	-13
8	927	-48
8	928	-37
8	929	-9
8	930	-20
8	931	18
8	932	-13
8	933	-34
8	934	-7
8	935	18
8	936	-19
8	937	-38
8	938	-27
8	939	2
8	940	-34
8	941	3
8	942	-25
8	943	-7
8	944	1
8	945	-40
8	946	-45
8	947	-22
8	948	-23
8	949	-2
8	950	-23
8	951	-8
8	952	-12
8	953	-33
8	954	-11
8	955	-7
8	956	-3
8	957	-10
8	958	-36
8	959	-22
8	960	-11
8	961	10
8	962	22
8	963	-37
8	964	-13
8	965	-9
8	966	-41
8	967	-22
8	968	-43
8	969	-18
8	970	5
8	971	-25
8	972	-10
8	973	-24
8	974	-26
8	975	-39
8	976	-25
8	977	-38
8	978	-21
8	979	0
8	980	-14
8	981	-48
8	982	-20
8	983	-31
8	984	-42
8	985	12
8	986	-3
8	987	-45
8	988	-22
8	989	21
8	990	-14
8	991	0
8	992	3
8	993	-15
8	994	-9
8	995	14
8	996	3
8	997	37
8	998	16
8	999	1
8	1000	-18
8	1001	-21
8	1002	-32
8	1003	56
8	1004	-59
8	1005	-23
8	1006	-49
8	1007	-6
8	1008	-3
8	1009	-2
8	1010	-38
8	1011	-20
8	1012	-27
8	1013	-26
8	1014	-20
8	1015	-13
8	1016	-2
8	1017	-30
8	1018	-47
8	1019	-8
8	1020	-12
8	1021	-10
8	1022	-66
8	1023	-18
