0	0	13
0	1	-14
0	2	60
0	3	-1
0	4	44
0	5	-12
0	6	69
0	7	4
0	8	16
0	9	-26
0	10	1
0	11	25
0	12	38
0	13	-29
0	14	6
0	15	0
0	16	74
0	17	-23
0	18	50
0	19	4
0	20	49
0	21	46
0	22	74
0	23	-27
0	24	34
0	25	-37
0	26	43
0	27	3
0	28	32
0	29	-10
0	30	67
0	31	-12
0	32	56
0	33	-5
0	34	28
0	35	9
0	36	76
0	37	22
0	38	29
0	39	-10
0	40	32
0	41	44
0	42	49
0	43	-20
0	44	56
0	45	10
0	46	57
0	47	-25
0	48	105
0	49	10
0	50	54
0	51	23
0	52	14
0	53	23
0	54	41
0	55	7
0	56	56
0	57	-44
0	58	22
0	59	-8
0	60	68
0	61	24
0	62	54
0	63	24
0	64	36
0	65	7
0	66	58
0	67	11
0	68	28
0	69	11
0	70	34
0	71	1
0	72	14
0	73	29
0	74	8
0	75	-18
0	76	53
0	77	-7
0	78	12
0	79	4
0	80	47
0	81	-39
0	82	49
0	83	6
0	84	34
0	85	-40
0	86	53
0	87	-11
0	88	93
0	89	4
0	90	66
0	91	-11
0	92	27
0	93	-10
0	94	49
0	95	-12
0	96	30
0	97	-31
0	98	67
0	99	19
0	100	34
0	101	0
0	102	49
0	103	-2
0	104	71
0	105	-14
0	106	53
0	107	-7
0	108	60
0	109	25
0	110	36
0	111	-7
0	112	47
0	113	-33
0	114	33
0	115	35
0	116	57
0	117	15
0	118	96
0	119	2
0	120	50
0	121	-14
0	122	58
0	123	28
0	124	49
0	125	22
0	126	18
0	127	14
0	128	39
0	129	2
0	130	19
0	131	13
0	132	37
0	133	-49
0	134	87
0	135	-51
0	136	69
0	137	0
0	138	35
0	139	40
0	140	25
0	141	-47
0	142	32
0	143	7
0	144	12
0	145	-18
0	146	17
0	147	0
0	148	46
0	149	5
0	150	25
0	151	-7
0	152	19
0	153	-7
0	154	36
0	155	-4
0	156	45
0	157	29
0	158	63
0	159	36
0	160	58
0	161	-15
0	162	58
0	163	17
0	164	29
0	165	1
0	166	43
0	167	-18
0	168	53
0	169	20
0	170	26
0	171	16
0	172	35
0	173	-36
0	174	57
0	175	0
0	176	16
0	177	-5
0	178	28
0	179	-12
0	180	32
0	181	28
0	182	23
0	183	14
0	184	44
0	185	17
0	186	23
0	187	22
0	188	25
0	189	-20
0	190	48
0	191	-23
0	192	1
0	193	-14
0	194	-1
0	195	-9
0	196	33
0	197	3
0	198	16
0	199	0
0	200	46
0	201	35
0	202	78
0	203	6
0	204	41
0	205	-19
0	206	27
0	207	-22
0	208	26
0	209	-9
0	210	46
0	211	-27
0	212	37
0	213	1
0	214	26
0	215	28
0	216	31
0	217	-23
0	218	8
0	219	-4
0	220	29
0	221	5
0	222	71
0	223	-49
0	224	18
0	225	42
0	226	47
0	227	-15
0	228	47
0	229	-7
0	230	72
0	231	10
0	232	43
0	233	7
0	234	21
0	235	-8
0	236	31
0	237	-13
0	238	75
0	239	1
0	240	63
0	241	-13
0	242	18
0	243	26
0	244	31
0	245	-10
0	246	27
0	247	-17
0	248	77
0	249	-2
0	250	61
0	251	19
0	252	60
0	253	-20
0	254	38
0	255	-32
0	256	31
0	257	26
0	258	85
0	259	10
0	260	29
0	261	-12
0	262	56
0	263	-16
0	264	5
0	265	-30
0	266	42
0	267	-17
0	268	25
0	269	-17
0	270	57
0	271	15
0	272	34
0	273	14
0	274	1
0	275	-1
0	276	26
0	277	-3
0	278	25
0	279	0
0	280	16
0	281	-3
0	282	55
0	283	-10
0	284	60
0	285	-12
0	286	30
0	287	5
0	288	59
0	289	14
0	290	25
0	291	-10
0	292	25
0	293	-37
0	294	25
0	295	5
0	296	69
0	297	38
0	298	18
0	299	6
0	300	66
0	301	-12
0	302	13
0	303	-15
0	304	42
0	305	26
0	306	54
0	307	-24
0	308	46
0	309	-21
0	310	59
0	311	8
0	312	45
0	313	-14
0	314	6
0	315	21
0	316	58
0	317	-65
0	318	64
0	319	-46
0	320	37
0	321	-9
0	322	50
0	323	-47
0	324	14
0	325	-20
0	326	22
0	327	-13
0	328	30
0	329	-25
0	330	58
0	331	39
0	332	28
0	333	1
0	334	5
0	335	-2
0	336	55
0	337	15
0	338	36
0	339	-22
0	340	45
0	341	-20
0	342	10
0	343	-11
0	344	46
0	345	-36
0	346	66
0	347	8
0	348	56
0	349	11
0	350	50
0	351	-16
0	352	52
0	353	-6
0	354	24
0	355	13
0	356	56
0	357	1
0	358	-23
0	359	-5
0	360	70
0	361	5
0	362	29
0	363	-13
0	364	50
0	365	20
0	366	82
0	367	33
0	368	45
0	369	8
0	370	85
0	371	-11
0	372	45
0	373	-7
0	374	90
0	375	6
0	376	19
0	377	-17
0	378	50
0	379	4
0	380	44
0	381	7
0	382	33
0	383	7
0	384	51
0	385	-24
0	386	69
0	387	19
0	388	26
0	389	-21
0	390	35
0	391	-14
0	392	38
0	393	-5
0	394	45
0	395	10
0	396	31
0	397	-18
0	398	65
0	399	26
0	400	51
0	401	-13
0	402	23
0	403	-23
0	404	51
0	405	-40
0	406	37
0	407	-24
0	408	40
0	409	-37
0	410	72
0	411	-17
0	412	56
0	413	-6
0	414	22
0	415	-21
0	416	65
0	417	41
0	418	37
0	419	20
0	420	55
0	421	-4
0	422	40
0	423	21
0	424	33
0	425	-15
0	426	-9
0	427	-4
0	428	63
0	429	-18
0	430	52
0	431	7
0	432	40
0	433	-20
0	434	68
0	435	-2
0	436	40
0	437	-1
0	438	61
0	439	4
0	440	-4
0	441	-21
0	442	29
0	443	-12
0	444	38
0	445	9
0	446	38
0	447	-17
0	448	77
0	449	-34
0	450	36
0	451	18
0	452	56
0	453	-12
0	454	47
0	455	-8
0	456	54
0	457	-17
0	458	35
0	459	-22
0	460	41
0	461	-31
0	462	47
0	463	24
0	464	20
0	465	12
0	466	38
0	467	-25
0	468	36
0	469	-6
0	470	73
0	471	-8
0	472	61
0	473	11
0	474	10
0	475	-7
0	476	83
0	477	-35
0	478	11
0	479	29
0	480	-16
0	481	2
0	482	58
0	483	7
0	484	38
0	485	-16
0	486	17
0	487	-19
0	488	23
0	489	-10
0	490	12
0	491	-29
0	492	25
0	493	12
0	494	28
0	495	2
0	496	72
0	497	10
0	498	-33
0	499	-85
0	500	-39
0	501	-71
0	502	-43
0	503	-73
0	504	52
0	505	25
0	506	20
0	507	26
0	508	88
0	509	-17
0	510	28
0	511	-26
0	512	-23
0	513	-53
0	514	-18
0	515	-14
0	516	-40
0	517	-17
0	518	-3
0	519	-75
0	520	-25
0	521	1
0	522	-64
0	523	-66
0	524	-7
0	525	26
0	526	-39
0	527	-37
0	528	0
0	529	-26
0	530	17
0	531	-19
0	532	-12
0	533	13
0	534	33
0	535	-9
0	536	2
0	537	-32
0	538	-17
0	539	21
0	540	-43
0	541	-6
0	542	-31
0	543	-18
0	544	-41
0	545	-41
0	546	-3
0	547	5
0	548	3
0	549	-24
0	550	1
0	551	-31
0	552	-14
0	553	-50
0	554	-22
0	555	-10
0	556	-49
0	557	13
0	558	-12
0	559	-14
0	560	-8
0	561	0
0	562	32
0	563	6
0	564	-11
0	565	-48
0	566	-22
0	567	-5
0	568	-18
0	569	-18
0	570	25
0	571	-39
0	572	-20
0	573	-40
0	574	14
0	575	16
0	576	-33
0	577	-68
0	578	-11
0	579	-14
0	580	-40
0	581	11
0	582	-55
0	583	13
0	584	-52
0	585	-31
0	586	-30
0	587	-20
0	588	-33
0	589	-5
0	590	-15
0	591	-28
0	592	-15
0	593	-23
0	594	-1
0	595	-31
0	596	-25
0	597	-3
0	598	-12
0	599	-29
0	600	-27
0	601	-6
0	602	-30
0	603	-22
0	604	-18
0	605	-1
0	606	-3
0	607	-10
0	608	-18
0	609	-39
0	610	0
0	611	-70
0	612	-32
0	613	-22
0	614	-25
0	615	1
0	616	-3
0	617	-8
0	618	20
0	619	-32
0	620	-39
0	621	12
0	622	-29
0	623	-26
0	624	-37
0	625	-3
0	626	-10
0	627	18
0	628	0
0	629	0
0	630	-13
0	631	-10
0	632	-37
0	633	9
0	634	7
0	635	-66
0	636	-24
0	637	-27
0	638	-27
0	639	-20
0	640	-9
0	641	-20
0	642	-28
0	643	-17
0	644	-21
0	645	-9
0	646	-35
0	647	-27
0	648	-21
0	649	-17
0	650	-17
0	651	-19
0	652	-2
0	653	-40
0	654	-21
0	655	15
0	656	-4
0	657	-1
0	658	-36
0	659	-55
0	660	-7
0	661	-9
0	662	-15
0	663	-6
0	664	-8
0	665	-16
0	666	-11
0	667	-11
0	668	20
0	669	16
0	670	-40
0	671	-61
0	672	-32
0	673	-61
0	674	-5
0	675	6
0	676	-23
0	677	-51
0	678	-11
0	679	8
0	680	1
0	681	-6
0	682	-16
0	683	31
0	684	-8
0	685	16
0	686	-15
0	687	-33
0	688	-43
0	689	-5
0	690	-22
0	691	-27
0	692	-17
0	693	-20
0	694	-30
0	695	-27
0	696	-2
0	697	-48
0	698	-12
0	699	-10
0	700	-22
0	701	-14
0	702	11
0	703	2
0	704	0
0	705	-13
0	706	-18
0	707	-9
0	708	19
0	709	-4
0	710	10
0	711	-10
0	712	-22
0	713	-65
0	714	-6
0	715	-33
0	716	-21
0	717	-5
0	718	-24
0	719	-27
0	720	-15
0	721	9
0	722	-34
0	723	0
0	724	12
0	725	-33
0	726	-21
0	727	-30
0	728	9
0	729	-15
0	730	-33
0	731	39
0	732	-18
0	733	-12
0	734	-18
0	735	9
0	736	-25
0	737	7
0	738	-44
0	739	-32
0	740	-6
0	741	-31
0	742	-58
0	743	-6
0	744	-39
0	745	-26
0	746	5
0	747	-19
0	748	-20
0	749	13
0	750	-17
0	751	3
0	752	15
0	753	-23
0	754	-51
0	755	14
0	756	-10
0	757	-36
0	758	-2
0	759	-12
0	760	-10
0	761	-6
0	762	-23
0	763	-37
0	764	-67
0	765	20
0	766	6
0	767	-83
0	768	-31
0	769	-12
0	770	-36
0	771	-34
0	772	-22
0	773	0
0	774	-64
0	775	-33
0	776	19
0	777	6
0	778	-2
0	779	-54
0	780	-24
0	781	-7
0	782	-2
0	783	-22
0	784	-41
0	785	-40
0	786	-4
0	787	31
0	788	-25
0	789	-20
0	790	-10
0	791	-34
0	792	-28
0	793	-29
0	794	-20
0	795	-52
0	796	-10
0	797	-23
0	798	-22
0	799	-49
0	800	-31
0	801	37
0	802	-5
0	803	-47
0	804	-49
0	805	-35
0	806	-26
0	807	-48
0	808	-39
0	809	7
0	810	18
0	811	-13
0	812	-11
0	813	-15
0	814	-3
0	815	6
0	816	-43
0	817	27
0	818	-52
0	819	-53
0	820	-24
0	821	-28
0	822	2
0	823	-20
0	824	-38
0	825	-10
0	826	-14
0	827	-31
0	828	1
0	829	-9
0	830	-44
0	831	-5
0	832	-27
0	833	28
0	834	-8
0	835	-20
0	836	-58
0	837	-9
0	838	-39
0	839	4
0	840	-17
0	841	-40
0	842	0
0	843	-7
0	844	-49
0	845	-21
0	846	-30
0	847	-19
0	848	-9
0	849	-51
0	850	-66
0	851	-10
0	852	-40
0	853	6
0	854	-48
0	855	-31
0	856	-45
0	857	30
0	858	-5
0	859	-15
0	860	-15
0	861	-28
0	862	-33
0	863	-42
0	864	-32
0	865	-2
0	866	-35
0	867	-6
0	868	-14
0	869	-5
0	870	-19
0	871	-15
0	872	-32
0	873	18
0	874	-20
0	875	3
0	876	-45
0	877	-25
0	878	-23
0	879	-5
0	880	-14
0	881	38
0	882	13
0	883	1
0	884	-23
0	885	-65
0	886	-21
0	887	-43
0	888	-25
0	889	-13
0	890	-22
0	891	-22
0	892	-31
0	893	-11
0	894	27
0	895	-49
0	896	-6
0	897	-2
0	898	-24
0	899	-23
0	900	-12
0	901	5
0	902	-14
0	903	-19
0	904	-56
0	905	-10
0	906	-29
0	907	4
0	908	-34
0	909	0
0	910	-15
0	911	-34
0	912	-45
0	913	-30
0	914	-16
0	915	-21
0	916	-27
0	917	-16
0	918	-29
0	919	-25
0	920	-41
0	921	-25
0	922	-20
0	923	-16
0	924	-35
0	925	-4
0	926	-11
0	927	2
0	928	-17
0	929	18
0	930	-18
0	931	11
0	932	-16
0	933	16
0	934	-26
0	935	-40
0	936	-16
0	937	-21
0	938	2
0	939	0
0	940	-54
0	941	-31
0	942	8
0	943	-25
0	944	16
0	945	1
0	946	-8
0	947	-38
0	948	-26
0	949	-52
0	950	-43
0	951	-13
0	952	-58
0	953	-4
0	954	-7
0	955	-61
0	956	-17
0	957	-26
0	958	6
0	959	-23
0	960	-33
0	961	-17
0	962	-12
0	963	-37
0	964	-61
0	965	-3
0	966	-4
0	967	0
0	968	-42
0	969	2
0	970	-19
0	971	-28
0	972	-23
0	973	-11
0	974	-18
0	975	-41
0	976	-47
0	977	-40
0	978	-23
0	979	-5
0	980	-42
0	981	-42
0	982	-33
0	983	-23
0	984	31
0	985	-61
0	986	-31
0	987	-12
0	988	-42
0	989	-32
0	990	-6
0	991	16
0	992	-55
0	993	-41
0	994	-29
0	995	14
0	996	-20
0	997	-40
0	998	-14
0	999	-39
0	1000	-4
0	1001	-37
0	1002	-22
0	1003	-1
0	1004	-12
0	1005	-16
0	1006	2
0	1007	-47
0	1008	0
0	1009	-26
0	1010	-36
0	1011	-50
0	1012	-12
0	1013	-14
0	1014	-47
0	1015	-38
0	1016	-26
0	1017	0
0	1018	-16
0	1019	2
0	1020	-58
0	1021	-33
0	1022	-33
0	1023	-29
1	0	18
1	1	-21
1	2	64
1	3	-78
1	4	42
1	5	-30
1	6	-3
1	7	-2
1	8	73
1	9	-9
1	10	74
1	11	-50
1	12	50
1	13	-29
1	14	50
1	15	12
1	16	24
1	17	22
1	18	50
1	19	-3
1	20	11
1	21	29
1	22	38
1	23	-26
1	24	18
1	25	16
1	26	35
1	27	-11
1	28	72
1	29	-4
1	30	47
1	31	7
1	32	26
1	33	-48
1	34	21
1	35	-12
1	36	61
1	37	-9
1	38	27
1	39	-29
1	40	66
1	41	10
1	42	38
1	43	-35
1	44	16
1	45	-3
1	46	53
1	47	52
1	48	54
1	49	0
1	50	23
1	51	33
1	52	16
1	53	21
1	54	63
1	55	-37
1	56	14
1	57	-18
1	58	31
1	59	9
1	60	68
1	61	19
1	62	39
1	63	13
1	64	33
1	65	-4
1	66	13
1	67	-42
1	68	39
1	69	2
1	70	51
1	71	-19
1	72	-4
1	73	-15
1	74	7
1	75	10
1	76	110
1	77	1
1	78	81
1	79	-5
1	80	31
1	81	-7
1	82	50
1	83	-25
1	84	66
1	85	-23
1	86	34
1	87	-31
1	88	82
1	89	1
1	90	37
1	91	-4
1	92	50
1	93	7
1	94	19
1	95	9
1	96	9
1	97	-13
1	98	69
1	99	5
1	100	70
1	101	-8
1	102	7
1	103	-16
1	104	42
1	105	3
1	106	50
1	107	-14
1	108	13
1	109	-16
1	110	54
1	111	-24
1	112	74
1	113	2
1	114	3
1	115	13
1	116	61
1	117	14
1	118	10
1	119	-13
1	120	98
1	121	-3
1	122	30
1	123	23
1	124	53
1	125	7
1	126	32
1	127	-12
1	128	42
1	129	16
1	130	31
1	131	-33
1	132	50
1	133	-8
1	134	47
1	135	-10
1	136	19
1	137	-26
1	138	30
1	139	13
1	140	24
1	141	-25
1	142	2
1	143	-8
1	144	24
1	145	10
1	146	56
1	147	-28
1	148	90
1	149	-38
1	150	31
1	151	-13
1	152	18
1	153	-8
1	154	29
1	155	-15
1	156	10
1	157	7
1	158	54
1	159	25
1	160	32
1	161	23
1	162	2
1	163	22
1	164	89
1	165	-35
1	166	38
1	167	-29
1	168	38
1	169	-14
1	170	62
1	171	-2
1	172	33
1	173	0
1	174	63
1	175	-7
1	176	20
1	177	-4
1	178	67
1	179	-2
1	180	51
1	181	3
1	182	-31
1	183	0
1	184	17
1	185	-39
1	186	30
1	187	7
1	188	6
1	189	3
1	190	46
1	191	-11
1	192	27
1	193	10
1	194	83
1	195	-30
1	196	22
1	197	-21
1	198	19
1	199	12
1	200	44
1	201	-13
1	202	45
1	203	-6
1	204	29
1	205	-2
1	206	62
1	207	13
1	208	58
1	209	1
1	210	105
1	211	-23
1	212	35
1	213	-46
1	214	64
1	215	-11
1	216	41
1	217	-34
1	218	79
1	219	34
1	220	16
1	221	32
1	222	30
1	223	22
1	224	47
1	225	-8
1	226	89
1	227	22
1	228	68
1	229	19
1	230	39
1	231	23
1	232	13
1	233	20
1	234	63
1	235	16
1	236	23
1	237	29
1	238	46
1	239	10
1	240	1
1	241	-3
1	242	69
1	243	-10
1	244	23
1	245	-6
1	246	65
1	247	5
1	248	58
1	249	4
1	250	23
1	251	-26
1	252	18
1	253	-30
1	254	26
1	255	-29
1	256	32
1	257	-17
1	258	56
1	259	-15
1	260	69
1	261	-22
1	262	46
1	263	3
1	264	11
1	265	-25
1	266	52
1	267	-18
1	268	69
1	269	-15
1	270	49
1	271	-6
1	272	51
1	273	-27
1	274	47
1	275	-13
1	276	31
1	277	13
1	278	25
1	279	-30
1	280	10
1	281	-24
1	282	16
1	283	17
1	284	87
1	285	9
1	286	13
1	287	5
1	288	60
1	289	2
1	290	43
1	291	-5
1	292	37
1	293	-9
1	294	23
1	295	22
1	296	15
1	297	25
1	298	38
1	299	11
1	300	5
1	301	33
1	302	28
1	303	4
1	304	58
1	305	-14
1	306	46
1	307	-36
1	308	65
1	309	3
1	310	54
1	311	-37
1	312	17
1	313	-11
1	314	49
1	315	28
1	316	54
1	317	-17
1	318	36
1	319	7
1	320	49
1	321	-18
1	322	53
1	323	2
1	324	62
1	325	12
1	326	46
1	327	-19
1	328	69
1	329	5
1	330	54
1	331	-24
1	332	41
1	333	1
1	334	63
1	335	-5
1	336	80
1	337	-20
1	338	51
1	339	16
1	340	26
1	341	20
1	342	70
1	343	-16
1	344	79
1	345	-14
1	346	53
1	347	11
1	348	46
1	349	-10
1	350	55
1	351	-15
1	352	40
1	353	-9
1	354	9
1	355	-31
1	356	46
1	357	8
1	358	52
1	359	-12
1	360	45
1	361	47
1	362	49
1	363	21
1	364	99
1	365	-48
1	366	26
1	367	-23
1	368	32
1	369	-22
1	370	39
1	371	-25
1	372	100
1	373	-20
1	374	84
1	375	-27
1	376	57
1	377	-34
1	378	56
1	379	26
1	380	64
1	381	12
1	382	25
1	383	-23
1	384	40
1	385	12
1	386	78
1	387	-19
1	388	43
1	389	-23
1	390	36
1	391	-6
1	392	23
1	393	2
1	394	20
1	395	1
1	396	44
1	397	-27
1	398	15
1	399	-3
1	400	32
1	401	-25
1	402	31
1	403	26
1	404	72
1	405	-61
1	406	52
1	407	-14
1	408	46
1	409	38
1	410	48
1	411	0
1	412	32
1	413	11
1	414	52
1	415	9
1	416	28
1	417	-9
1	418	81
1	419	2
1	420	29
1	421	5
1	422	3
1	423	-20
1	424	15
1	425	-4
1	426	28
1	427	-28
1	428	35
1	429	22
1	430	21
1	431	-14
1	432	-32
1	433	14
1	434	50
1	435	-18
1	436	56
1	437	-4
1	438	64
1	439	26
1	440	16
1	441	-34
1	442	87
1	443	-13
1	444	52
1	445	7
1	446	12
1	447	7
1	448	45
1	449	3
1	450	55
1	451	-15
1	452	38
1	453	-32
1	454	63
1	455	7
1	456	55
1	457	-9
1	458	28
1	459	-11
1	460	62
1	461	-16
1	462	31
1	463	8
1	464	99
1	465	-41
1	466	53
1	467	-15
1	468	25
1	469	7
1	470	39
1	471	-43
1	472	37
1	473	5
1	474	48
1	475	-30
1	476	62
1	477	-34
1	478	51
1	479	-21
1	480	70
1	481	-34
1	482	88
1	483	-1
1	484	29
1	485	40
1	486	-2
1	487	-14
1	488	29
1	489	0
1	490	61
1	491	16
1	492	28
1	493	-37
1	494	44
1	495	9
1	496	72
1	497	21
1	498	-49
1	499	-102
1	500	-55
1	501	-91
1	502	-27
1	503	-102
1	504	47
1	505	1
1	506	20
1	507	-20
1	508	45
1	509	6
1	510	43
1	511	-4
1	512	-16
1	513	-31
1	514	5
1	515	-55
1	516	-25
1	517	-42
1	518	-42
1	519	-32
1	520	-33
1	521	-34
1	522	-4
1	523	-21
1	524	-26
1	525	5
1	526	-21
1	527	5
1	528	-15
1	529	-33
1	530	-13
1	531	-9
1	532	-6
1	533	-15
1	534	21
1	535	-22
1	536	8
1	537	-21
1	538	14
1	539	-8
1	540	1
1	541	5
1	542	-24
1	543	-31
1	544	-71
1	545	-5
1	546	-4
1	547	-20
1	548	4
1	549	-17
1	550	-34
1	551	3
1	552	-39
1	553	-14
1	554	-10
1	555	6
1	556	-18
1	557	-36
1	558	13
1	559	-21
1	560	-32
1	561	-34
1	562	-22
1	563	-14
1	564	17
1	565	-43
1	566	-9
1	567	-47
1	568	-63
1	569	-13
1	570	0
1	571	-9
1	572	-41
1	573	9
1	574	6
1	575	5
1	576	-62
1	577	11
1	578	-11
1	579	-37
1	580	-16
1	581	-32
1	582	-2
1	583	2
1	584	-29
1	585	-17
1	586	-10
1	587	-5
1	588	-19
1	589	-34
1	590	-3
1	591	-34
1	592	8
1	593	30
1	594	-67
1	595	-17
1	596	-11
1	597	-19
1	598	10
1	599	3
1	600	-20
1	601	-7
1	602	-3
1	603	-6
1	604	2
1	605	-18
1	606	9
1	607	-22
1	608	-35
1	609	-28
1	610	-33
1	611	-19
1	612	-9
1	613	-19
1	614	-12
1	615	-16
1	616	-7
1	617	4
1	618	-14
1	619	5
1	620	-26
1	621	-57
1	622	-34
1	623	12
1	624	-8
1	625	-19
1	626	-4
1	627	-33
1	628	1
1	629	-40
1	630	-28
1	631	-10
1	632	-7
1	633	-13
1	634	-5
1	635	0
1	636	-57
1	637	-41
1	638	5
1	639	-23
1	640	-55
1	641	-48
1	642	-4
1	643	-11
1	644	-17
1	645	-29
1	646	-13
1	647	-2
1	648	7
1	649	-17
1	650	22
1	651	-14
1	652	12
1	653	-3
1	654	-2
1	655	-32
1	656	-2
1	657	-11
1	658	-14
1	659	13
1	660	-6
1	661	-16
1	662	-10
1	663	-1
1	664	-25
1	665	-4
1	666	5
1	667	-28
1	668	-44
1	669	-37
1	670	6
1	671	-19
1	672	-56
1	673	-35
1	674	-10
1	675	-19
1	676	-27
1	677	27
1	678	-24
1	679	-27
1	680	-8
1	681	-11
1	682	-21
1	683	-20
1	684	10
1	685	-17
1	686	-7
1	687	-36
1	688	-8
1	689	-22
1	690	-11
1	691	-8
1	692	-4
1	693	-17
1	694	7
1	695	-18
1	696	-16
1	697	-44
1	698	-14
1	699	1
1	700	-54
1	701	17
1	702	-18
1	703	-54
1	704	-28
1	705	-24
1	706	-27
1	707	-11
1	708	-32
1	709	-10
1	710	15
1	711	-30
1	712	-30
1	713	-39
1	714	-23
1	715	-38
1	716	-6
1	717	-22
1	718	6
1	719	-29
1	720	-17
1	721	-27
1	722	-18
1	723	-37
1	724	-65
1	725	-40
1	726	8
1	727	-19
1	728	-29
1	729	-48
1	730	1
1	731	8
1	732	6
1	733	-32
1	734	-24
1	735	5
1	736	-5
1	737	-11
1	738	-32
1	739	-35
1	740	15
1	741	-3
1	742	-32
1	743	-5
1	744	-27
1	745	-13
1	746	-35
1	747	-57
1	748	-28
1	749	-24
1	750	-4
1	751	-9
1	752	2
1	753	-36
1	754	-23
1	755	-43
1	756	-17
1	757	3
1	758	6
1	759	-19
1	760	-24
1	761	-8
1	762	18
1	763	-47
1	764	11
1	765	-5
1	766	-26
1	767	-29
1	768	-17
1	769	-62
1	770	-18
1	771	-32
1	772	-24
1	773	-8
1	774	-5
1	775	-40
1	776	-40
1	777	-49
1	778	-19
1	779	-13
1	780	-24
1	781	-2
1	782	-36
1	783	9
1	784	-25
1	785	-11
1	786	-21
1	787	-14
1	788	22
1	789	-30
1	790	-14
1	791	0
1	792	6
1	793	5
1	794	-22
1	795	7
1	796	-20
1	797	-24
1	798	5
1	799	6
1	800	-2
1	801	-3
1	802	-14
1	803	-65
1	804	-45
1	805	-30
1	806	-17
1	807	-21
1	808	-1
1	809	8
1	810	-34
1	811	-37
1	812	-22
1	813	-15
1	814	2
1	815	2
1	816	-24
1	817	5
1	818	-22
1	819	-10
1	820	30
1	821	-1
1	822	-17
1	823	-32
1	824	-15
1	825	-27
1	826	-17
1	827	-10
1	828	-7
1	829	-42
1	830	-21
1	831	-47
1	832	2
1	833	0
1	834	-51
1	835	-71
1	836	34
1	837	-24
1	838	1
1	839	-1
1	840	-27
1	841	4
1	842	-28
1	843	-16
1	844	6
1	845	-31
1	846	-21
1	847	-23
1	848	-20
1	849	-9
1	850	-49
1	851	0
1	852	-42
1	853	2
1	854	-4
1	855	-22
1	856	34
1	857	-46
1	858	-57
1	859	2
1	860	-19
1	861	-7
1	862	-11
1	863	-28
1	864	4
1	865	-34
1	866	-18
1	867	-10
1	868	-12
1	869	-8
1	870	-35
1	871	-17
1	872	-48
1	873	-29
1	874	-25
1	875	-23
1	876	-3
1	877	21
1	878	-53
1	879	-18
1	880	-23
1	881	-5
1	882	-58
1	883	-49
1	884	-15
1	885	10
1	886	-5
1	887	-58
1	888	-47
1	889	1
1	890	-8
1	891	0
1	892	-37
1	893	-58
1	894	5
1	895	-1
1	896	-31
1	897	-40
1	898	-6
1	899	-26
1	900	-18
1	901	-18
1	902	-25
1	903	-10
1	904	-24
1	905	-8
1	906	-4
1	907	-8
1	908	7
1	909	-57
1	910	-12
1	911	-24
1	912	-26
1	913	-38
1	914	2
1	915	-25
1	916	-14
1	917	19
1	918	-3
1	919	3
1	920	-61
1	921	9
1	922	-26
1	923	-37
1	924	0
1	925	-42
1	926	-14
1	927	-20
1	928	-5
1	929	-19
1	930	0
1	931	-7
1	932	6
1	933	-3
1	934	-10
1	935	3
1	936	6
1	937	37
1	938	-2
1	939	-36
1	940	-8
1	941	-8
1	942	-23
1	943	-18
1	944	16
1	945	-32
1	946	-8
1	947	-52
1	948	-51
1	949	-28
1	950	-34
1	951	-39
1	952	-26
1	953	-22
1	954	23
1	955	-46
1	956	-12
1	957	-3
1	958	-13
1	959	-8
1	960	-32
1	961	-3
1	962	-33
1	963	1
1	964	-43
1	965	-54
1	966	-44
1	967	-2
1	968	-2
1	969	-26
1	970	4
1	971	8
1	972	-33
1	973	-13
1	974	-57
1	975	-16
1	976	-23
1	977	-43
1	978	-37
1	979	-35
1	980	-53
1	981	-27
1	982	-8
1	983	-31
1	984	1
1	985	-45
1	986	-48
1	987	-25
1	988	4
1	989	-24
1	990	-4
1	991	-3
1	992	-57
1	993	-10
1	994	-35
1	995	6
1	996	-45
1	997	-27
1	998	-24
1	999	-12
1	1000	11
1	1001	-3
1	1002	18
1	1003	-4
1	1004	-55
1	1005	-54
1	1006	-28
1	1007	-40
1	1008	-54
1	1009	-27
1	1010	-29
1	1011	-53
1	1012	-39
1	1013	-1
1	1014	-11
1	1015	-9
1	1016	-53
1	1017	-3
1	1018	-26
1	1019	-35
1	1020	5
1	1021	-15
1	1022	-27
1	1023	-44
2	0	48
2	1	-41
2	2	41
2	3	23
2	4	66
2	5	-28
2	6	43
2	7	-11
2	8	63
2	9	-34
2	10	63
2	11	-16
2	12	24
2	13	18
2	14	68
2	15	-18
2	16	44
2	17	12
2	18	74
2	19	-13
2	20	63
2	21	-30
2	22	30
2	23	-19
2	24	36
2	25	-25
2	26	52
2	27	-35
2	28	61
2	29	-45
2	30	51
2	31	14
2	32	49
2	33	-4
2	34	44
2	35	-35
2	36	56
2	37	-2
2	38	81
2	39	-24
2	40	63
2	41	-6
2	42	30
2	43	-14
2	44	59
2	45	-4
2	46	16
2	47	-52
2	48	39
2	49	-18
2	50	69
2	51	2
2	52	33
2	53	-18
2	54	46
2	55	1
2	56	39
2	57	-17
2	58	37
2	59	-2
2	60	45
2	61	-40
2	62	43
2	63	8
2	64	10
2	65	-14
2	66	-10
2	67	-2
2	68	40
2	69	-19
2	70	24
2	71	-61
2	72	44
2	73	-14
2	74	45
2	75	0
2	76	68
2	77	-6
2	78	39
2	79	-14
2	80	21
2	81	27
2	82	41
2	83	2
2	84	45
2	85	-9
2	86	48
2	87	-23
2	88	23
2	89	-8
2	90	16
2	91	25
2	92	47
2	93	-8
2	94	85
2	95	7
2	96	34
2	97	17
2	98	-4
2	99	-4
2	100	72
2	101	35
2	102	-3
2	103	-10
2	104	63
2	105	-23
2	106	20
2	107	10
2	108	55
2	109	-2
2	110	30
2	111	1
2	112	43
2	113	-12
2	114	35
2	115	7
2	116	10
2	117	-14
2	118	72
2	119	9
2	120	38
2	121	38
2	122	-3
2	123	4
2	124	30
2	125	2
2	126	54
2	127	-45
2	128	25
2	129	-12
2	130	50
2	131	-3
2	132	43
2	133	26
2	134	40
2	135	17
2	136	28
2	137	-2
2	138	76
2	139	-3
2	140	39
2	141	7
2	142	54
2	143	4
2	144	65
2	145	26
2	146	43
2	147	-59
2	148	45
2	149	10
2	150	77
2	151	-18
2	152	65
2	153	37
2	154	38
2	155	-4
2	156	14
2	157	27
2	158	43
2	159	-35
2	160	59
2	161	19
2	162	46
2	163	11
2	164	34
2	165	-1
2	166	45
2	167	-13
2	168	53
2	169	11
2	170	70
2	171	-33
2	172	-1
2	173	-4
2	174	27
2	175	-5
2	176	38
2	177	-23
2	178	26
2	179	-5
2	180	74
2	181	-13
2	182	54
2	183	-22
2	184	55
2	185	7
2	186	41
2	187	-17
2	188	26
2	189	-10
2	190	32
2	191	-9
2	192	50
2	193	7
2	194	-2
2	195	-17
2	196	78
2	197	9
2	198	25
2	199	-48
2	200	4
2	201	11
2	202	76
2	203	-34
2	204	95
2	205	-5
2	206	58
2	207	10
2	208	25
2	209	-2
2	210	48
2	211	-19
2	212	25
2	213	0
2	214	56
2	215	43
2	216	75
2	217	-13
2	218	-14
2	219	-21
2	220	49
2	221	-5
2	222	55
2	223	10
2	224	53
2	225	-11
2	226	13
2	227	17
2	228	54
2	229	-21
2	230	80
2	231	2
2	232	48
2	233	33
2	234	27
2	235	10
2	236	46
2	237	-18
2	238	83
2	239	-18
2	240	40
2	241	4
2	242	31
2	243	-28
2	244	59
2	245	-10
2	246	13
2	247	24
2	248	73
2	249	-5
2	250	38
2	251	25
2	252	62
2	253	11
2	254	41
2	255	20
2	256	12
2	257	-7
2	258	62
2	259	0
2	260	53
2	261	-23
2	262	60
2	263	-47
2	264	33
2	265	-13
2	266	54
2	267	-14
2	268	70
2	269	10
2	270	40
2	271	-28
2	272	88
2	273	7
2	274	15
2	275	-8
2	276	34
2	277	-2
2	278	9
2	279	29
2	280	29
2	281	-40
2	282	44
2	283	-30
2	284	73
2	285	1
2	286	39
2	287	6
2	288	80
2	289	-47
2	290	76
2	291	-38
2	292	62
2	293	-4
2	294	26
2	295	10
2	296	68
2	297	18
2	298	25
2	299	13
2	300	64
2	301	-2
2	302	59
2	303	3
2	304	29
2	305	-12
2	306	39
2	307	17
2	308	71
2	309	39
2	310	31
2	311	-12
2	312	36
2	313	17
2	314	44
2	315	-27
2	316	65
2	317	9
2	318	46
2	319	18
2	320	22
2	321	20
2	322	9
2	323	11
2	324	35
2	325	-39
2	326	30
2	327	15
2	328	4
2	329	13
2	330	29
2	331	10
2	332	35
2	333	-2
2	334	17
2	335	10
2	336	27
2	337	-21
2	338	49
2	339	-39
2	340	10
2	341	9
2	342	36
2	343	-18
2	344	70
2	345	-22
2	346	24
2	347	15
2	348	38
2	349	-7
2	350	36
2	351	6
2	352	27
2	353	-26
2	354	40
2	355	12
2	356	55
2	357	-29
2	358	91
2	359	-37
2	360	52
2	361	17
2	362	87
2	363	-3
2	364	34
2	365	-23
2	366	57
2	367	-6
2	368	38
2	369	-7
2	370	25
2	371	8
2	372	48
2	373	8
2	374	24
2	375	23
2	376	28
2	377	34
2	378	52
2	379	4
2	380	60
2	381	13
2	382	64
2	383	-18
2	384	57
2	385	-1
2	386	34
2	387	8
2	388	50
2	389	-9
2	390	50
2	391	-5
2	392	80
2	393	-6
2	394	7
2	395	-4
2	396	48
2	397	-7
2	398	26
2	399	2
2	400	-3
2	401	14
2	402	27
2	403	16
2	404	29
2	405	-15
2	406	21
2	407	-19
2	408	25
2	409	10
2	410	29
2	411	-11
2	412	38
2	413	14
2	414	47
2	415	-39
2	416	59
2	417	-18
2	418	67
2	419	4
2	420	48
2	421	5
2	422	74
2	423	-45
2	424	31
2	425	17
2	426	27
2	427	25
2	428	52
2	429	-14
2	430	55
2	431	-9
2	432	68
2	433	-6
2	434	79
2	435	0
2	436	27
2	437	2
2	438	8
2	439	-11
2	440	17
2	441	-10
2	442	46
2	443	36
2	444	36
2	445	6
2	446	49
2	447	-56
2	448	43
2	449	-20
2	450	24
2	451	14
2	452	42
2	453	-8
2	454	7
2	455	-19
2	456	46
2	457	15
2	458	86
2	459	23
2	460	61
2	461	1
2	462	42
2	463	18
2	464	35
2	465	23
2	466	45
2	467	-5
2	468	67
2	469	2
2	470	50
2	471	9
2	472	47
2	473	-1
2	474	-2
2	475	13
2	476	28
2	477	10
2	478	-6
2	479	18
2	480	54
2	481	-80
2	482	35
2	483	28
2	484	-17
2	485	-24
2	486	33
2	487	6
2	488	30
2	489	-8
2	490	53
2	491	13
2	492	13
2	493	-20
2	494	40
2	495	-37
2	496	34
2	497	23
2	498	-37
2	499	-105
2	500	-32
2	501	-93
2	502	-51
2	503	-87
2	504	67
2	505	0
2	506	52
2	507	22
2	508	40
2	509	23
2	510	43
2	511	8
2	512	-22
2	513	-14
2	514	7
2	515	-36
2	516	-46
2	517	-27
2	518	-37
2	519	-15
2	520	-3
2	521	-56
2	522	-29
2	523	-49
2	524	-34
2	525	6
2	526	-52
2	527	-19
2	528	-29
2	529	-13
2	530	-34
2	531	5
2	532	-43
2	533	-7
2	534	-10
2	535	-27
2	536	12
2	537	-42
2	538	-45
2	539	16
2	540	17
2	541	-24
2	542	-35
2	543	-26
2	544	-17
2	545	-47
2	546	-8
2	547	-6
2	548	-13
2	549	-39
2	550	-37
2	551	-25
2	552	49
2	553	-26
2	554	-36
2	555	6
2	556	11
2	557	-28
2	558	-16
2	559	-27
2	560	-18
2	561	16
2	562	-54
2	563	-11
2	564	6
2	565	1
2	566	-66
2	567	-38
2	568	-19
2	569	-38
2	570	5
2	571	-21
2	572	-24
2	573	4
2	574	-42
2	575	-5
2	576	-53
2	577	-33
2	578	-34
2	579	-12
2	580	-28
2	581	-38
2	582	-27
2	583	3
2	584	-25
2	585	-38
2	586	-21
2	587	3
2	588	-9
2	589	-52
2	590	-51
2	591	-19
2	592	-18
2	593	-35
2	594	-47
2	595	-27
2	596	1
2	597	2
2	598	30
2	599	-35
2	600	-4
2	601	6
2	602	-6
2	603	-4
2	604	-14
2	605	21
2	606	-53
2	607	-8
2	608	-47
2	609	7
2	610	2
2	611	-32
2	612	0
2	613	11
2	614	-30
2	615	-20
2	616	-22
2	617	0
2	618	9
2	619	-1
2	620	4
2	621	-7
2	622	-7
2	623	-40
2	624	3
2	625	-82
2	626	-23
2	627	-19
2	628	10
2	629	17
2	630	0
2	631	-58
2	632	-28
2	633	15
2	634	8
2	635	0
2	636	-12
2	637	-28
2	638	-10
2	639	-14
2	640	-37
2	641	-32
2	642	-35
2	643	-34
2	644	-18
2	645	-23
2	646	-8
2	647	-13
2	648	-7
2	649	-17
2	650	-27
2	651	-14
2	652	18
2	653	-33
2	654	-16
2	655	-43
2	656	-55
2	657	-23
2	658	-19
2	659	3
2	660	9
2	661	13
2	662	15
2	663	7
2	664	-17
2	665	-26
2	666	-9
2	667	-33
2	668	-38
2	669	-28
2	670	2
2	671	38
2	672	-44
2	673	15
2	674	-22
2	675	5
2	676	0
2	677	-47
2	678	-16
2	679	-47
2	680	-5
2	681	-20
2	682	1
2	683	26
2	684	-31
2	685	-28
2	686	-58
2	687	-23
2	688	-53
2	689	-27
2	690	-20
2	691	-33
2	692	-23
2	693	-13
2	694	-63
2	695	-36
2	696	-50
2	697	-29
2	698	-42
2	699	0
2	700	-21
2	701	6
2	702	-31
2	703	4
2	704	-12
2	705	-29
2	706	-15
2	707	-40
2	708	2
2	709	-20
2	710	0
2	711	-31
2	712	-14
2	713	-27
2	714	-14
2	715	-26
2	716	-30
2	717	-15
2	718	-28
2	719	-37
2	720	-35
2	721	26
2	722	-38
2	723	-22
2	724	-21
2	725	-12
2	726	-27
2	727	-21
2	728	-9
2	729	-45
2	730	-3
2	731	-49
2	732	-21
2	733	32
2	734	-16
2	735	8
2	736	-10
2	737	4
2	738	-25
2	739	9
2	740	-18
2	741	-32
2	742	-38
2	743	-7
2	744	-37
2	745	-21
2	746	-18
2	747	8
2	748	-14
2	749	-13
2	750	-14
2	751	-16
2	752	-13
2	753	21
2	754	-25
2	755	-34
2	756	-9
2	757	32
2	758	10
2	759	-9
2	760	-8
2	761	-43
2	762	6
2	763	12
2	764	-28
2	765	-39
2	766	-22
2	767	10
2	768	-9
2	769	-57
2	770	4
2	771	-5
2	772	-10
2	773	-19
2	774	-8
2	775	-12
2	776	-34
2	777	-34
2	778	3
2	779	-35
2	780	-36
2	781	-16
2	782	-31
2	783	-26
2	784	-32
2	785	-30
2	786	-7
2	787	-3
2	788	-55
2	789	-43
2	790	-23
2	791	-7
2	792	-24
2	793	-21
2	794	-49
2	795	-35
2	796	-26
2	797	1
2	798	-23
2	799	-15
2	800	-49
2	801	-14
2	802	-6
2	803	-28
2	804	-10
2	805	-10
2	806	-34
2	807	-9
2	808	-4
2	809	-21
2	810	-28
2	811	-4
2	812	-37
2	813	-34
2	814	-17
2	815	-46
2	816	20
2	817	3
2	818	-24
2	819	-19
2	820	-37
2	821	20
2	822	-19
2	823	-26
2	824	-51
2	825	-52
2	826	-43
2	827	-15
2	828	-16
2	829	-11
2	830	8
2	831	-28
2	832	-27
2	833	-22
2	834	-13
2	835	18
2	836	-10
2	837	-7
2	838	15
2	839	-5
2	840	-28
2	841	-99
2	842	18
2	843	-8
2	844	-31
2	845	14
2	846	-20
2	847	-17
2	848	-1
2	849	-23
2	850	-16
2	851	-4
2	852	-23
2	853	-37
2	854	11
2	855	33
2	856	0
2	857	18
2	858	8
2	859	-14
2	860	-20
2	861	-15
2	862	15
2	863	-31
2	864	-37
2	865	-27
2	866	-36
2	867	-18
2	868	-10
2	869	-32
2	870	-21
2	871	-1
2	872	6
2	873	38
2	874	2
2	875	3
2	876	-29
2	877	-3
2	878	-21
2	879	9
2	880	15
2	881	-2
2	882	-38
2	883	-17
2	884	-22
2	885	-5
2	886	1
2	887	-47
2	888	2
2	889	8
2	890	-39
2	891	-2
2	892	-37
2	893	-39
2	894	-55
2	895	-53
2	896	-34
2	897	-35
2	898	-31
2	899	-17
2	900	2
2	901	-44
2	902	-3
2	903	-32
2	904	2
2	905	-4
2	906	-6
2	907	-3
2	908	-30
2	909	-60
2	910	-17
2	911	-57
2	912	-33
2	913	-27
2	914	31
2	915	-17
2	916	4
2	917	-54
2	918	3
2	919	-29
2	920	-23
2	921	-13
2	922	-7
2	923	-16
2	924	-23
2	925	-13
2	926	-17
2	927	-9
2	928	4
2	929	-25
2	930	7
2	931	-52
2	932	4
2	933	-10
2	934	-32
2	935	6
2	936	-20
2	937	-17
2	938	-30
2	939	-53
2	940	-33
2	941	-7
2	942	-48
2	943	-76
2	944	-52
2	945	1
2	946	7
2	947	-28
2	948	8
2	949	13
2	950	-2
2	951	-2
2	952	12
2	953	-22
2	954	-18
2	955	-18
2	956	-52
2	957	6
2	958	-43
2	959	-4
2	960	-70
2	961	-35
2	962	-46
2	963	0
2	964	-27
2	965	3
2	966	-41
2	967	-74
2	968	-15
2	969	3
2	970	-28
2	971	-2
2	972	12
2	973	-28
2	974	-25
2	975	-33
2	976	-38
2	977	-11
2	978	-20
2	979	-24
2	980	-5
2	981	-52
2	982	-16
2	983	-28
2	984	-27
2	985	-11
2	986	-16
2	987	-25
2	988	-5
2	989	-1
2	990	-14
2	991	-11
2	992	-9
2	993	-18
2	994	-21
2	995	-6
2	996	7
2	997	9
2	998	-31
2	999	-66
2	1000	-33
2	1001	-40
2	1002	-9
2	1003	-26
2	1004	-33
2	1005	-51
2	1006	-53
2	1007	12
2	1008	-10
2	1009	-56
2	1010	-78
2	1011	-41
2	1012	-16
2	1013	-19
2	1014	-59
2	1015	-44
2	1016	-5
2	1017	-8
2	1018	-64
2	1019	-43
2	1020	-37
2	1021	-27
2	1022	-2
2	1023	-14
3	0	56
3	1	19
3	2	58
3	3	-29
3	4	22
3	5	-4
3	6	10
3	7	-20
3	8	39
3	9	-45
3	10	32
3	11	-48
3	12	6
3	13	-33
3	14	30
3	15	-9
3	16	28
3	17	-7
3	18	75
3	19	17
3	20	44
3	21	-5
3	22	34
3	23	5
3	24	90
3	25	-22
3	26	97
3	27	-16
3	28	17
3	29	-3
3	30	24
3	31	-31
3	32	54
3	33	-5
3	34	51
3	35	-10
3	36	70
3	37	-22
3	38	26
3	39	13
3	40	31
3	41	6
3	42	64
3	43	-62
3	44	46
3	45	-5
3	46	37
3	47	9
3	48	76
3	49	-22
3	50	34
3	51	17
3	52	43
3	53	-20
3	54	64
3	55	10
3	56	39
3	57	5
3	58	33
3	59	-12
3	60	21
3	61	0
3	62	57
3	63	16
3	64	43
3	65	-7
3	66	7
3	67	-24
3	68	36
3	69	11
3	70	16
3	71	-30
3	72	49
3	73	-29
3	74	4
3	75	5
3	76	48
3	77	-21
3	78	43
3	79	-22
3	80	38
3	81	1
3	82	28
3	83	-14
3	84	100
3	85	-33
3	86	5
3	87	-7
3	88	53
3	89	-35
3	90	21
3	91	4
3	92	43
3	93	11
3	94	35
3	95	6
3	96	70
3	97	-2
3	98	52
3	99	-41
3	100	13
3	101	-13
3	102	58
3	103	-44
3	104	51
3	105	19
3	106	57
3	107	0
3	108	58
3	109	3
3	110	57
3	111	-23
3	112	23
3	113	1
3	114	33
3	115	-20
3	116	57
3	117	-36
3	118	35
3	119	-2
3	120	28
3	121	-19
3	122	45
3	123	-13
3	124	58
3	125	15
3	126	13
3	127	-27
3	128	34
3	129	-9
3	130	18
3	131	-31
3	132	41
3	133	-24
3	134	71
3	135	18
3	136	31
3	137	-20
3	138	45
3	139	-12
3	140	-6
3	141	-18
3	142	41
3	143	-40
3	144	79
3	145	10
3	146	55
3	147	3
3	148	60
3	149	-12
3	150	59
3	151	-32
3	152	15
3	153	5
3	154	31
3	155	33
3	156	40
3	157	-20
3	158	60
3	159	8
3	160	83
3	161	1
3	162	54
3	163	-12
3	164	70
3	165	-9
3	166	27
3	167	-33
3	168	57
3	169	23
3	170	25
3	171	23
3	172	18
3	173	5
3	174	42
3	175	0
3	176	64
3	177	-27
3	178	16
3	179	-29
3	180	9
3	181	-22
3	182	58
3	183	-17
3	184	46
3	185	-32
3	186	33
3	187	22
3	188	37
3	189	-26
3	190	32
3	191	-35
3	192	41
3	193	-37
3	194	25
3	195	-7
3	196	41
3	197	-6
3	198	54
3	199	-23
3	200	19
3	201	14
3	202	59
3	203	-29
3	204	20
3	205	0
3	206	-5
3	207	-12
3	208	43
3	209	-29
3	210	34
3	211	-15
3	212	-5
3	213	-16
3	214	23
3	215	-12
3	216	13
3	217	36
3	218	68
3	219	6
3	220	34
3	221	19
3	222	0
3	223	-29
3	224	62
3	225	-4
3	226	57
3	227	-2
3	228	26
3	229	0
3	230	60
3	231	-22
3	232	49
3	233	-41
3	234	23
3	235	17
3	236	25
3	237	-26
3	238	61
3	239	-9
3	240	43
3	241	-22
3	242	51
3	243	-1
3	244	27
3	245	-16
3	246	78
3	247	-18
3	248	30
3	249	5
3	250	46
3	251	-6
3	252	24
3	253	-37
3	254	34
3	255	-8
3	256	50
3	257	-26
3	258	11
3	259	10
3	260	72
3	261	-2
3	262	90
3	263	-6
3	264	45
3	265	-8
3	266	26
3	267	9
3	268	46
3	269	-26
3	270	38
3	271	2
3	272	33
3	273	-32
3	274	58
3	275	-21
3	276	56
3	277	30
3	278	69
3	279	-8
3	280	64
3	281	-28
3	282	38
3	283	-6
3	284	57
3	285	-25
3	286	55
3	287	9
3	288	61
3	289	24
3	290	8
3	291	-26
3	292	25
3	293	-17
3	294	24
3	295	20
3	296	32
3	297	-16
3	298	58
3	299	-6
3	300	17
3	301	-7
3	302	48
3	303	4
3	304	39
3	305	9
3	306	38
3	307	-32
3	308	49
3	309	-3
3	310	47
3	311	-52
3	312	42
3	313	20
3	314	45
3	315	9
3	316	49
3	317	9
3	318	66
3	319	-18
3	320	61
3	321	17
3	322	26
3	323	-19
3	324	59
3	325	2
3	326	58
3	327	-10
3	328	49
3	329	-34
3	330	57
3	331	-33
3	332	13
3	333	-38
3	334	27
3	335	-10
3	336	70
3	337	-47
3	338	58
3	339	33
3	340	67
3	341	-13
3	342	16
3	343	18
3	344	49
3	345	-2
3	346	57
3	347	6
3	348	41
3	349	-19
3	350	5
3	351	-13
3	352	45
3	353	-16
3	354	27
3	355	14
3	356	36
3	357	4
3	358	53
3	359	-34
3	360	15
3	361	1
3	362	92
3	363	30
3	364	66
3	365	-20
3	366	-2
3	367	-52
3	368	42
3	369	-5
3	370	56
3	371	-26
3	372	73
3	373	10
3	374	56
3	375	17
3	376	14
3	377	23
3	378	65
3	379	7
3	380	33
3	381	-11
3	382	48
3	383	-6
3	384	79
3	385	-31
3	386	27
3	387	-16
3	388	35
3	389	-31
3	390	57
3	391	-32
3	392	42
3	393	-37
3	394	22
3	395	2
3	396	37
3	397	-7
3	398	38
3	399	20
3	400	54
3	401	-34
3	402	46
3	403	-17
3	404	65
3	405	-10
3	406	29
3	407	2
3	408	61
3	409	2
3	410	56
3	411	0
3	412	89
3	413	13
3	414	53
3	415	-22
3	416	50
3	417	8
3	418	22
3	419	30
3	420	2
3	421	-16
3	422	34
3	423	-27
3	424	74
3	425	-7
3	426	57
3	427	-33
3	428	36
3	429	20
3	430	33
3	431	-10
3	432	57
3	433	6
3	434	39
3	435	3
3	436	76
3	437	-35
3	438	70
3	439	-4
3	440	44
3	441	-14
3	442	50
3	443	0
3	444	34
3	445	-20
3	446	50
3	447	15
3	448	44
3	449	14
3	450	70
3	451	18
3	452	56
3	453	5
3	454	50
3	455	61
3	456	26
3	457	-40
3	458	78
3	459	-15
3	460	9
3	461	-14
3	462	59
3	463	-7
3	464	32
3	465	17
3	466	35
3	467	6
3	468	48
3	469	-3
3	470	44
3	471	-4
3	472	41
3	473	-35
3	474	14
3	475	20
3	476	23
3	477	-27
3	478	24
3	479	-28
3	480	78
3	481	-12
3	482	30
3	483	27
3	484	93
3	485	18
3	486	66
3	487	15
3	488	82
3	489	5
3	490	37
3	491	-19
3	492	23
3	493	-32
3	494	23
3	495	-19
3	496	27
3	497	18
3	498	-37
3	499	-86
3	500	-29
3	501	-84
3	502	-11
3	503	-84
3	504	53
3	505	11
3	506	50
3	507	-40
3	508	76
3	509	19
3	510	6
3	511	-23
3	512	36
3	513	-16
3	514	-12
3	515	-57
3	516	-8
3	517	-23
3	518	-49
3	519	-23
3	520	-34
3	521	-26
3	522	-10
3	523	-7
3	524	-22
3	525	-38
3	526	-24
3	527	-19
3	528	-21
3	529	25
3	530	-36
3	531	-13
3	532	11
3	533	-26
3	534	-44
3	535	-13
3	536	-21
3	537	-26
3	538	0
3	539	-24
3	540	-32
3	541	3
3	542	-6
3	543	-40
3	544	6
3	545	-43
3	546	-12
3	547	28
3	548	24
3	549	-9
3	550	-22
3	551	-31
3	552	10
3	553	7
3	554	-15
3	555	-51
3	556	-1
3	557	-15
3	558	29
3	559	-16
3	560	-26
3	561	-24
3	562	-5
3	563	-67
3	564	-34
3	565	-18
3	566	-30
3	567	-14
3	568	-14
3	569	-19
3	570	-33
3	571	-92
3	572	26
3	573	13
3	574	4
3	575	-34
3	576	-11
3	577	-24
3	578	-30
3	579	-21
3	580	-19
3	581	0
3	582	-20
3	583	13
3	584	-21
3	585	-9
3	586	-19
3	587	24
3	588	-78
3	589	-7
3	590	2
3	591	-7
3	592	10
3	593	6
3	594	16
3	595	-11
3	596	-33
3	597	-7
3	598	-19
3	599	-8
3	600	-22
3	601	-21
3	602	-20
3	603	-22
3	604	-20
3	605	-2
3	606	-39
3	607	-15
3	608	-6
3	609	-33
3	610	-13
3	611	-33
3	612	-25
3	613	4
3	614	-41
3	615	-6
3	616	13
3	617	15
3	618	-21
3	619	-39
3	620	22
3	621	-22
3	622	-14
3	623	-16
3	624	-34
3	625	29
3	626	0
3	627	20
3	628	0
3	629	-8
3	630	-24
3	631	-43
3	632	3
3	633	-15
3	634	28
3	635	2
3	636	-15
3	637	-3
3	638	-5
3	639	-4
3	640	-32
3	641	-12
3	642	-14
3	643	-20
3	644	-22
3	645	-33
3	646	-16
3	647	-46
3	648	-21
3	649	-21
3	650	-20
3	651	-9
3	652	-20
3	653	8
3	654	-37
3	655	-44
3	656	-9
3	657	-21
3	658	1
3	659	-7
3	660	-7
3	661	-6
3	662	-34
3	663	-50
3	664	-21
3	665	-43
3	666	-20
3	667	-28
3	668	-7
3	669	-4
3	670	-35
3	671	-6
3	672	4
3	673	-34
3	674	-11
3	675	-27
3	676	-40
3	677	4
3	678	-33
3	679	-10
3	680	-16
3	681	-25
3	682	-37
3	683	-29
3	684	-36
3	685	-40
3	686	-24
3	687	-9
3	688	-28
3	689	-4
3	690	-16
3	691	-3
3	692	-27
3	693	-35
3	694	16
3	695	-32
3	696	-18
3	697	-9
3	698	15
3	699	-36
3	700	-24
3	701	-27
3	702	-27
3	703	-7
3	704	4
3	705	0
3	706	-22
3	707	6
3	708	11
3	709	9
3	710	-9
3	711	-19
3	712	-38
3	713	-23
3	714	-1
3	715	-39
3	716	-2
3	717	-23
3	718	-18
3	719	15
3	720	-8
3	721	-19
3	722	12
3	723	-18
3	724	-34
3	725	-34
3	726	-8
3	727	-13
3	728	-17
3	729	8
3	730	8
3	731	-26
3	732	-34
3	733	-51
3	734	-48
3	735	-22
3	736	19
3	737	-21
3	738	-4
3	739	-33
3	740	-5
3	741	-56
3	742	-9
3	743	-48
3	744	12
3	745	-4
3	746	3
3	747	-6
3	748	10
3	749	-16
3	750	-38
3	751	3
3	752	-21
3	753	27
3	754	-9
3	755	-23
3	756	16
3	757	20
3	758	-15
3	759	-24
3	760	-42
3	761	-34
3	762	-26
3	763	-22
3	764	-25
3	765	9
3	766	-23
3	767	-14
3	768	-25
3	769	-44
3	770	-6
3	771	-31
3	772	-26
3	773	18
3	774	-11
3	775	-49
3	776	-4
3	777	-24
3	778	-9
3	779	-49
3	780	-26
3	781	30
3	782	14
3	783	-17
3	784	3
3	785	7
3	786	-34
3	787	-27
3	788	-7
3	789	-37
3	790	12
3	791	7
3	792	-26
3	793	-32
3	794	-24
3	795	-49
3	796	6
3	797	14
3	798	-31
3	799	-33
3	800	-5
3	801	-36
3	802	-15
3	803	-19
3	804	-10
3	805	33
3	806	-15
3	807	-35
3	808	-14
3	809	-14
3	810	9
3	811	-17
3	812	-18
3	813	-5
3	814	-9
3	815	-2
3	816	-22
3	817	-13
3	818	1
3	819	-43
3	820	24
3	821	2
3	822	-17
3	823	-21
3	824	8
3	825	15
3	826	-55
3	827	-41
3	828	7
3	829	-23
3	830	29
3	831	14
3	832	-35
3	833	7
3	834	3
3	835	12
3	836	-46
3	837	3
3	838	-45
3	839	-39
3	840	-21
3	841	-19
3	842	-4
3	843	-61
3	844	17
3	845	12
3	846	-40
3	847	-34
3	848	2
3	849	-47
3	850	-32
3	851	-29
3	852	-25
3	853	-13
3	854	-44
3	855	37
3	856	-43
3	857	-42
3	858	-35
3	859	-21
3	860	-8
3	861	12
3	862	-42
3	863	-4
3	864	-55
3	865	-5
3	866	-35
3	867	3
3	868	-40
3	869	17
3	870	-39
3	871	-34
3	872	-9
3	873	-20
3	874	-17
3	875	-31
3	876	-18
3	877	-37
3	878	-19
3	879	-52
3	880	-16
3	881	-16
3	882	-14
3	883	-55
3	884	-9
3	885	-36
3	886	11
3	887	-24
3	888	-17
3	889	6
3	890	-22
3	891	-45
3	892	-6
3	893	-11
3	894	-21
3	895	-14
3	896	-7
3	897	-5
3	898	0
3	899	-24
3	900	-20
3	901	-41
3	902	-34
3	903	-10
3	904	-20
3	905	-17
3	906	-38
3	907	-44
3	908	-19
3	909	-31
3	910	-37
3	911	-43
3	912	-29
3	913	-18
3	914	-3
3	915	-29
3	916	-36
3	917	-49
3	918	-31
3	919	-48
3	920	-42
3	921	-3
3	922	-21
3	923	2
3	924	-26
3	925	-37
3	926	-3
3	927	-38
3	928	-63
3	929	-41
3	930	-37
3	931	3
3	932	-14
3	933	-38
3	934	-15
3	935	-26
3	936	-41
3	937	-5
3	938	20
3	939	-25
3	940	-24
3	941	-2
3	942	-5
3	943	-13
3	944	43
3	945	-6
3	946	-39
3	947	-38
3	948	-37
3	949	-6
3	950	-32
3	951	-34
3	952	2
3	953	-29
3	954	-5
3	955	4
3	956	0
3	957	-4
3	958	-15
3	959	-28
3	960	31
3	961	-9
3	962	-10
3	963	-39
3	964	-26
3	965	-59
3	966	-32
3	967	-12
3	968	-35
3	969	9
3	970	-56
3	971	25
3	972	-40
3	973	-43
3	974	-1
3	975	-34
3	976	-14
3	977	31
3	978	2
3	979	0
3	980	2
3	981	-53
3	982	0
3	983	-63
3	984	-41
3	985	-2
3	986	-14
3	987	-23
3	988	-38
3	989	-32
3	990	-23
3	991	9
3	992	-40
3	993	-12
3	994	-42
3	995	-25
3	996	-16
3	997	2
3	998	7
3	999	7
3	1000	-19
3	1001	-50
3	1002	-27
3	1003	-1
3	1004	-7
3	1005	-23
3	1006	17
3	1007	-23
3	1008	-24
3	1009	6
3	1010	-23
3	1011	-42
3	1012	-41
3	1013	2
3	1014	-14
3	1015	9
3	1016	-10
3	1017	-31
3	1018	0
3	1019	-4
3	1020	-46
3	1021	-4
3	1022	-30
3	1023	-22
4	0	56
4	1	18
4	2	1
4	3	-28
4	4	59
4	5	-33
4	6	19
4	7	7
4	8	19
4	9	5
4	10	53
4	11	3
4	12	59
4	13	-28
4	14	65
4	15	5
4	16	7
4	17	0
4	18	25
4	19	7
4	20	40
4	21	-27
4	22	42
4	23	19
4	24	37
4	25	15
4	26	54
4	27	-21
4	28	36
4	29	-20
4	30	27
4	31	21
4	32	33
4	33	-9
4	34	24
4	35	-11
4	36	7
4	37	-10
4	38	52
4	39	-16
4	40	69
4	41	-5
4	42	64
4	43	23
4	44	110
4	45	-13
4	46	28
4	47	-10
4	48	38
4	49	-13
4	50	42
4	51	10
4	52	61
4	53	-15
4	54	50
4	55	5
4	56	38
4	57	-43
4	58	52
4	59	1
4	60	40
4	61	15
4	62	25
4	63	-9
4	64	60
4	65	4
4	66	53
4	67	14
4	68	26
4	69	6
4	70	30
4	71	20
4	72	37
4	73	-5
4	74	30
4	75	-12
4	76	63
4	77	-12
4	78	80
4	79	-24
4	80	71
4	81	-34
4	82	34
4	83	16
4	84	34
4	85	-30
4	86	49
4	87	16
4	88	66
4	89	-4
4	90	23
4	91	-6
4	92	63
4	93	-13
4	94	38
4	95	2
4	96	19
4	97	-22
4	98	68
4	99	22
4	100	63
4	101	-67
4	102	47
4	103	21
4	104	75
4	105	-14
4	106	35
4	107	-22
4	108	54
4	109	-4
4	110	18
4	111	-29
4	112	56
4	113	-14
4	114	66
4	115	-29
4	116	51
4	117	-12
4	118	71
4	119	-51
4	120	47
4	121	30
4	122	37
4	123	9
4	124	34
4	125	-16
4	126	30
4	127	-13
4	128	15
4	129	-26
4	130	55
4	131	4
4	132	48
4	133	41
4	134	14
4	135	23
4	136	51
4	137	1
4	138	18
4	139	-60
4	140	56
4	141	-8
4	142	33
4	143	-1
4	144	46
4	145	-34
4	146	21
4	147	-43
4	148	66
4	149	-55
4	150	9
4	151	-22
4	152	65
4	153	11
4	154	33
4	155	0
4	156	62
4	157	-28
4	158	34
4	159	-22
4	160	38
4	161	-37
4	162	38
4	163	14
4	164	61
4	165	12
4	166	30
4	167	-21
4	168	32
4	169	-11
4	170	92
4	171	-35
4	172	55
4	173	4
4	174	23
4	175	-49
4	176	29
4	177	-9
4	178	39
4	179	-30
4	180	12
4	181	12
4	182	19
4	183	-20
4	184	64
4	185	-21
4	186	37
4	187	13
4	188	48
4	189	-8
4	190	27
4	191	-5
4	192	61
4	193	-32
4	194	63
4	195	-21
4	196	51
4	197	-26
4	198	41
4	199	5
4	200	69
4	201	4
4	202	70
4	203	-13
4	204	43
4	205	-25
4	206	41
4	207	-13
4	208	73
4	209	-32
4	210	35
4	211	-31
4	212	25
4	213	6
4	214	56
4	215	-41
4	216	0
4	217	6
4	218	97
4	219	-2
4	220	36
4	221	5
4	222	23
4	223	-16
4	224	62
4	225	-28
4	226	18
4	227	-10
4	228	32
4	229	-2
4	230	59
4	231	-58
4	232	53
4	233	14
4	234	59
4	235	-1
4	236	23
4	237	2
4	238	66
4	239	-54
4	240	67
4	241	10
4	242	40
4	243	-34
4	244	59
4	245	-25
4	246	43
4	247	-18
4	248	25
4	249	-25
4	250	18
4	251	-11
4	252	59
4	253	-37
4	254	15
4	255	-32
4	256	29
4	257	0
4	258	30
4	259	-2
4	260	58
4	261	-18
4	262	28
4	263	-27
4	264	58
4	265	25
4	266	42
4	267	8
4	268	50
4	269	-34
4	270	14
4	271	22
4	272	58
4	273	25
4	274	59
4	275	-3
4	276	48
4	277	-24
4	278	46
4	279	-12
4	280	38
4	281	-6
4	282	76
4	283	27
4	284	49
4	285	-4
4	286	-16
4	287	0
4	288	51
4	289	2
4	290	31
4	291	12
4	292	58
4	293	-38
4	294	40
4	295	0
4	296	60
4	297	-14
4	298	5
4	299	-43
4	300	35
4	301	-19
4	302	23
4	303	33
4	304	75
4	305	9
4	306	20
4	307	-17
4	308	57
4	309	-2
4	310	87
4	311	15
4	312	67
4	313	-51
4	314	11
4	315	-13
4	316	64
4	317	42
4	318	39
4	319	-39
4	320	72
4	321	-29
4	322	33
4	323	18
4	324	22
4	325	5
4	326	19
4	327	-28
4	328	86
4	329	15
4	330	9
4	331	37
4	332	16
4	333	-8
4	334	24
4	335	7
4	336	107
4	337	16
4	338	66
4	339	-10
4	340	24
4	341	-4
4	342	45
4	343	-6
4	344	48
4	345	4
4	346	36
4	347	-6
4	348	77
4	349	13
4	350	15
4	351	-29
4	352	40
4	353	13
4	354	4
4	355	-15
4	356	29
4	357	-31
4	358	18
4	359	35
4	360	82
4	361	14
4	362	46
4	363	-16
4	364	99
4	365	5
4	366	57
4	367	10
4	368	52
4	369	-3
4	370	48
4	371	2
4	372	37
4	373	-12
4	374	32
4	375	-33
4	376	58
4	377	3
4	378	28
4	379	-4
4	380	39
4	381	53
4	382	38
4	383	6
4	384	60
4	385	-38
4	386	36
4	387	-15
4	388	38
4	389	-8
4	390	47
4	391	29
4	392	70
4	393	13
4	394	65
4	395	17
4	396	26
4	397	20
4	398	19
4	399	9
4	400	73
4	401	3
4	402	33
4	403	-29
4	404	33
4	405	-15
4	406	47
4	407	-7
4	408	34
4	409	17
4	410	71
4	411	12
4	412	74
4	413	42
4	414	88
4	415	9
4	416	20
4	417	5
4	418	3
4	419	24
4	420	54
4	421	19
4	422	38
4	423	22
4	424	58
4	425	-18
4	426	27
4	427	-2
4	428	54
4	429	-29
4	430	37
4	431	4
4	432	89
4	433	37
4	434	17
4	435	-9
4	436	19
4	437	-19
4	438	51
4	439	-11
4	440	-8
4	441	-19
4	442	47
4	443	-16
4	444	32
4	445	-34
4	446	41
4	447	10
4	448	55
4	449	19
4	450	21
4	451	-37
4	452	51
4	453	-2
4	454	29
4	455	-28
4	456	26
4	457	-13
4	458	54
4	459	-31
4	460	54
4	461	-35
4	462	41
4	463	6
4	464	83
4	465	3
4	466	18
4	467	-9
4	468	62
4	469	27
4	470	75
4	471	19
4	472	83
4	473	9
4	474	74
4	475	-59
4	476	72
4	477	23
4	478	59
4	479	-23
4	480	37
4	481	27
4	482	42
4	483	-31
4	484	40
4	485	-3
4	486	50
4	487	-39
4	488	28
4	489	-2
4	490	45
4	491	33
4	492	70
4	493	30
4	494	42
4	495	9
4	496	61
4	497	29
4	498	-35
4	499	-81
4	500	8
4	501	-107
4	502	-7
4	503	-81
4	504	63
4	505	18
4	506	35
4	507	-22
4	508	42
4	509	-44
4	510	18
4	511	-34
4	512	-55
4	513	-38
4	514	38
4	515	11
4	516	-24
4	517	-11
4	518	-39
4	519	-9
4	520	-21
4	521	-18
4	522	-18
4	523	-47
4	524	-25
4	525	-19
4	526	2
4	527	-70
4	528	-21
4	529	-22
4	530	-20
4	531	-5
4	532	-1
4	533	-15
4	534	-70
4	535	-27
4	536	-8
4	537	-27
4	538	-33
4	539	-27
4	540	-41
4	541	-63
4	542	11
4	543	4
4	544	-19
4	545	-69
4	546	-10
4	547	-15
4	548	-19
4	549	-11
4	550	-42
4	551	-45
4	552	-25
4	553	-12
4	554	-5
4	555	19
4	556	-35
4	557	4
4	558	-14
4	559	-7
4	560	62
4	561	-26
4	562	-7
4	563	-6
4	564	-15
4	565	12
4	566	-52
4	567	-8
4	568	-23
4	569	-14
4	570	-25
4	571	-12
4	572	-18
4	573	17
4	574	6
4	575	14
4	576	-53
4	577	-15
4	578	21
4	579	1
4	580	-5
4	581	-36
4	582	0
4	583	-4
4	584	-20
4	585	-28
4	586	-39
4	587	5
4	588	-11
4	589	-41
4	590	-10
4	591	-22
4	592	-45
4	593	-35
4	594	28
4	595	-41
4	596	7
4	597	-42
4	598	12
4	599	-22
4	600	-15
4	601	-5
4	602	6
4	603	-19
4	604	-13
4	605	-10
4	606	17
4	607	-20
4	608	-33
4	609	-54
4	610	-18
4	611	4
4	612	21
4	613	-6
4	614	13
4	615	-19
4	616	-12
4	617	-14
4	618	-10
4	619	34
4	620	-8
4	621	3
4	622	-31
4	623	19
4	624	13
4	625	-10
4	626	10
4	627	-25
4	628	39
4	629	-16
4	630	-12
4	631	-30
4	632	-20
4	633	-54
4	634	-23
4	635	-40
4	636	-55
4	637	-18
4	638	-5
4	639	-22
4	640	-21
4	641	-33
4	642	-33
4	643	-45
4	644	-27
4	645	-27
4	646	-7
4	647	-46
4	648	-5
4	649	-32
4	650	-28
4	651	-59
4	652	-19
4	653	7
4	654	-1
4	655	1
4	656	16
4	657	-16
4	658	-32
4	659	-20
4	660	-35
4	661	-53
4	662	9
4	663	-24
4	664	-18
4	665	-66
4	666	-1
4	667	-51
4	668	-51
4	669	-13
4	670	-38
4	671	31
4	672	-8
4	673	38
4	674	-1
4	675	-12
4	676	-28
4	677	-25
4	678	-25
4	679	-47
4	680	-55
4	681	-14
4	682	-23
4	683	-21
4	684	-8
4	685	-13
4	686	-38
4	687	-2
4	688	-30
4	689	-13
4	690	15
4	691	-17
4	692	-6
4	693	-31
4	694	-41
4	695	-34
4	696	8
4	697	-13
4	698	-26
4	699	-38
4	700	-11
4	701	-26
4	702	13
4	703	-40
4	704	8
4	705	-21
4	706	-45
4	707	-23
4	708	6
4	709	-13
4	710	-13
4	711	-10
4	712	-25
4	713	8
4	714	-16
4	715	-14
4	716	-26
4	717	-14
4	718	-45
4	719	-3
4	720	-35
4	721	12
4	722	-49
4	723	4
4	724	7
4	725	-17
4	726	-55
4	727	-17
4	728	1
4	729	-26
4	730	-20
4	731	-14
4	732	-37
4	733	0
4	734	-8
4	735	-36
4	736	-41
4	737	-28
4	738	-23
4	739	-47
4	740	-48
4	741	-10
4	742	-1
4	743	-25
4	744	-33
4	745	8
4	746	-55
4	747	-45
4	748	9
4	749	-13
4	750	-19
4	751	-7
4	752	-4
4	753	-55
4	754	13
4	755	-66
4	756	-5
4	757	-18
4	758	-40
4	759	0
4	760	13
4	761	-58
4	762	18
4	763	-25
4	764	-28
4	765	-34
4	766	1
4	767	-34
4	768	-5
4	769	-11
4	770	-31
4	771	-15
4	772	-37
4	773	-34
4	774	10
4	775	8
4	776	-3
4	777	-46
4	778	18
4	779	-24
4	780	-39
4	781	-13
4	782	-6
4	783	-3
4	784	-28
4	785	-15
4	786	-24
4	787	-10
4	788	-23
4	789	-47
4	790	-6
4	791	-19
4	792	20
4	793	-34
4	794	-27
4	795	-16
4	796	-10
4	797	-46
4	798	-28
4	799	-12
4	800	-25
4	801	10
4	802	-36
4	803	-22
4	804	-8
4	805	-15
4	806	-28
4	807	-2
4	808	-32
4	809	14
4	810	-29
4	811	-8
4	812	-37
4	813	-34
4	814	49
4	815	3
4	816	-23
4	817	-19
4	818	-14
4	819	-27
4	820	-6
4	821	4
4	822	-6
4	823	2
4	824	-49
4	825	-55
4	826	10
4	827	-13
4	828	-10
4	829	-12
4	830	3
4	831	-13
4	832	-51
4	833	-23
4	834	-34
4	835	-36
4	836	-21
4	837	-70
4	838	-38
4	839	-11
4	840	5
4	841	-36
4	842	-12
4	843	-55
4	844	35
4	845	-24
4	846	-18
4	847	-28
4	848	-8
4	849	-31
4	850	-15
4	851	-7
4	852	-13
4	853	3
4	854	9
4	855	1
4	856	4
4	857	5
4	858	-18
4	859	-6
4	860	-39
4	861	-53
4	862	-29
4	863	-23
4	864	-20
4	865	-6
4	866	-3
4	867	24
4	868	22
4	869	10
4	870	-18
4	871	-33
4	872	-38
4	873	-19
4	874	12
4	875	-20
4	876	-50
4	877	-24
4	878	-25
4	879	-22
4	880	-36
4	881	-45
4	882	-51
4	883	-49
4	884	19
4	885	-16
4	886	-8
4	887	-27
4	888	14
4	889	-75
4	890	-44
4	891	-39
4	892	-45
4	893	-21
4	894	-32
4	895	-33
4	896	-13
4	897	-27
4	898	-33
4	899	-63
4	900	-13
4	901	-23
4	902	-62
4	903	-35
4	904	-2
4	905	-57
4	906	-9
4	907	-9
4	908	-14
4	909	-49
4	910	22
4	911	-15
4	912	-28
4	913	3
4	914	-23
4	915	-55
4	916	-35
4	917	-54
4	918	-4
4	919	-41
4	920	-31
4	921	-30
4	922	-25
4	923	-13
4	924	-53
4	925	-22
4	926	21
4	927	-46
4	928	-39
4	929	3
4	930	-37
4	931	-4
4	932	48
4	933	2
4	934	11
4	935	-18
4	936	3
4	937	34
4	938	-13
4	939	-28
4	940	-3
4	941	9
4	942	-32
4	943	-20
4	944	-24
4	945	-15
4	946	-36
4	947	-9
4	948	-31
4	949	-39
4	950	-7
4	951	-12
4	952	-43
4	953	-39
4	954	-42
4	955	-2
4	956	-12
4	957	-32
4	958	-5
4	959	-41
4	960	1
4	961	-11
4	962	-36
4	963	-40
4	964	4
4	965	-7
4	966	0
4	967	-41
4	968	6
4	969	-55
4	970	-3
4	971	-21
4	972	-13
4	973	-7
4	974	-16
4	975	-52
4	976	-24
4	977	-44
4	978	20
4	979	-43
4	980	-29
4	981	-15
4	982	-17
4	983	-41
4	984	17
4	985	-31
4	986	-24
4	987	9
4	988	-55
4	989	-6
4	990	0
4	991	-53
4	992	-16
4	993	-33
4	994	-13
4	995	-21
4	996	-43
4	997	-39
4	998	11
4	999	-37
4	1000	-2
4	1001	7
4	1002	1
4	1003	12
4	1004	-15
4	1005	-6
4	1006	-53
4	1007	-18
4	1008	-20
4	1009	3
4	1010	-40
4	1011	-12
4	1012	-49
4	1013	-14
4	1014	-20
4	1015	-16
4	1016	-31
4	1017	-42
4	1018	-8
4	1019	-18
4	1020	-4
4	1021	-52
4	1022	-42
4	1023	-22
5	0	23
5	1	-39
5	2	49
5	3	-3
5	4	55
5	5	3
5	6	59
5	7	-3
5	8	22
5	9	-34
5	10	50
5	11	32
5	12	29
5	13	-34
5	14	93
5	15	-18
5	16	72
5	17	8
5	18	27
5	19	-33
5	20	37
5	21	-10
5	22	28
5	23	-27
5	24	45
5	25	-36
5	26	41
5	27	-6
5	28	54
5	29	-17
5	30	67
5	31	14
5	32	27
5	33	-5
5	34	44
5	35	-31
5	36	69
5	37	22
5	38	53
5	39	22
5	40	80
5	41	11
5	42	84
5	43	3
5	44	17
5	45	12
5	46	68
5	47	-7
5	48	34
5	49	1
5	50	47
5	51	5
5	52	49
5	53	-32
5	54	28
5	55	49
5	56	35
5	57	-36
5	58	32
5	59	-45
5	60	56
5	61	-8
5	62	82
5	63	-19
5	64	58
5	65	-35
5	66	34
5	67	-22
5	68	67
5	69	-35
5	70	61
5	71	3
5	72	55
5	73	6
5	74	23
5	75	-11
5	76	22
5	77	-23
5	78	40
5	79	-31
5	80	29
5	81	-8
5	82	41
5	83	5
5	84	45
5	85	4
5	86	60
5	87	-3
5	88	50
5	89	24
5	90	44
5	91	-20
5	92	51
5	93	-33
5	94	27
5	95	-10
5	96	31
5	97	-23
5	98	41
5	99	-6
5	100	61
5	101	-13
5	102	22
5	103	0
5	104	60
5	105	-7
5	106	61
5	107	4
5	108	57
5	109	-35
5	110	48
5	111	-31
5	112	7
5	113	-24
5	114	40
5	115	-5
5	116	54
5	117	-5
5	118	27
5	119	-16
5	120	66
5	121	-38
5	122	79
5	123	-16
5	124	46
5	125	-33
5	126	56
5	127	-11
5	128	22
5	129	-58
5	130	36
5	131	16
5	132	34
5	133	-19
5	134	44
5	135	-5
5	136	52
5	137	35
5	138	14
5	139	-24
5	140	26
5	141	-44
5	142	39
5	143	-21
5	144	19
5	145	-46
5	146	29
5	147	4
5	148	56
5	149	-24
5	150	42
5	151	0
5	152	44
5	153	-6
5	154	26
5	155	-41
5	156	52
5	157	-2
5	158	57
5	159	-8
5	160	51
5	161	-32
5	162	90
5	163	-22
5	164	41
5	165	25
5	166	37
5	167	17
5	168	33
5	169	-17
5	170	72
5	171	-22
5	172	50
5	173	-9
5	174	65
5	175	-7
5	176	32
5	177	52
5	178	50
5	179	2
5	180	28
5	181	-10
5	182	22
5	183	-3
5	184	39
5	185	-10
5	186	26
5	187	-30
5	188	35
5	189	-14
5	190	45
5	191	2
5	192	62
5	193	-34
5	194	63
5	195	18
5	196	38
5	197	37
5	198	56
5	199	29
5	200	43
5	201	-14
5	202	34
5	203	-13
5	204	20
5	205	21
5	206	57
5	207	-40
5	208	64
5	209	-2
5	210	42
5	211	-19
5	212	33
5	213	9
5	214	51
5	215	-27
5	216	62
5	217	-24
5	218	19
5	219	-54
5	220	3
5	221	0
5	222	53
5	223	-19
5	224	32
5	225	0
5	226	33
5	227	-36
5	228	74
5	229	11
5	230	76
5	231	-22
5	232	67
5	233	-17
5	234	82
5	235	12
5	236	22
5	237	0
5	238	52
5	239	9
5	240	39
5	241	-2
5	242	47
5	243	9
5	244	16
5	245	-16
5	246	48
5	247	-31
5	248	42
5	249	-16
5	250	58
5	251	12
5	252	77
5	253	-8
5	254	33
5	255	-5
5	256	62
5	257	-26
5	258	30
5	259	-25
5	260	42
5	261	-36
5	262	55
5	263	-9
5	264	48
5	265	-20
5	266	40
5	267	-44
5	268	67
5	269	-31
5	270	12
5	271	-24
5	272	9
5	273	-26
5	274	44
5	275	-32
5	276	51
5	277	-33
5	278	35
5	279	-40
5	280	50
5	281	11
5	282	33
5	283	28
5	284	95
5	285	21
5	286	59
5	287	9
5	288	12
5	289	-20
5	290	66
5	291	-22
5	292	28
5	293	-38
5	294	69
5	295	-9
5	296	65
5	297	2
5	298	49
5	299	-9
5	300	22
5	301	-10
5	302	23
5	303	-15
5	304	26
5	305	24
5	306	50
5	307	24
5	308	53
5	309	23
5	310	7
5	311	-15
5	312	22
5	313	-8
5	314	17
5	315	48
5	316	93
5	317	-26
5	318	12
5	319	-68
5	320	49
5	321	-31
5	322	67
5	323	-27
5	324	40
5	325	-10
5	326	17
5	327	-19
5	328	58
5	329	4
5	330	40
5	331	-6
5	332	52
5	333	-24
5	334	35
5	335	-1
5	336	54
5	337	19
5	338	51
5	339	12
5	340	56
5	341	-34
5	342	64
5	343	-80
5	344	55
5	345	-4
5	346	49
5	347	-8
5	348	71
5	349	-4
5	350	66
5	351	13
5	352	33
5	353	-34
5	354	49
5	355	-41
5	356	40
5	357	20
5	358	38
5	359	-11
5	360	45
5	361	-19
5	362	79
5	363	9
5	364	39
5	365	-10
5	366	52
5	367	-19
5	368	31
5	369	7
5	370	29
5	371	-53
5	372	60
5	373	34
5	374	101
5	375	17
5	376	52
5	377	3
5	378	57
5	379	-14
5	380	37
5	381	-33
5	382	41
5	383	6
5	384	46
5	385	-59
5	386	41
5	387	-34
5	388	16
5	389	-45
5	390	28
5	391	11
5	392	57
5	393	-17
5	394	37
5	395	0
5	396	46
5	397	-23
5	398	35
5	399	7
5	400	35
5	401	-10
5	402	28
5	403	14
5	404	58
5	405	-8
5	406	43
5	407	-6
5	408	59
5	409	-32
5	410	-2
5	411	-11
5	412	26
5	413	-22
5	414	59
5	415	-24
5	416	52
5	417	-24
5	418	46
5	419	15
5	420	12
5	421	-10
5	422	37
5	423	13
5	424	43
5	425	8
5	426	74
5	427	-30
5	428	54
5	429	-11
5	430	59
5	431	2
5	432	71
5	433	-16
5	434	1
5	435	-9
5	436	17
5	437	5
5	438	21
5	439	-29
5	440	62
5	441	5
5	442	65
5	443	17
5	444	79
5	445	-8
5	446	64
5	447	18
5	448	67
5	449	-7
5	450	7
5	451	41
5	452	23
5	453	-18
5	454	57
5	455	20
5	456	15
5	457	-19
5	458	13
5	459	14
5	460	8
5	461	-15
5	462	46
5	463	35
5	464	48
5	465	-4
5	466	54
5	467	-12
5	468	53
5	469	9
5	470	26
5	471	-20
5	472	50
5	473	12
5	474	40
5	475	21
5	476	36
5	477	-30
5	478	112
5	479	-7
5	480	48
5	481	8
5	482	57
5	483	-42
5	484	65
5	485	-1
5	486	28
5	487	-50
5	488	47
5	489	-48
5	490	46
5	491	16
5	492	59
5	493	3
5	494	61
5	495	9
5	496	36
5	497	24
5	498	-46
5	499	-80
5	500	-30
5	501	-60
5	502	-12
5	503	-115
5	504	36
5	505	-29
5	506	42
5	507	-7
5	508	91
5	509	-10
5	510	59
5	511	-40
5	512	0
5	513	71
5	514	4
5	515	-30
5	516	-37
5	517	-29
5	518	-39
5	519	-17
5	520	-14
5	521	-31
5	522	4
5	523	-22
5	524	-32
5	525	-11
5	526	-10
5	527	-21
5	528	-10
5	529	-18
5	530	-5
5	531	-9
5	532	-29
5	533	-15
5	534	4
5	535	-28
5	536	8
5	537	6
5	538	-31
5	539	31
5	540	-3
5	541	-3
5	542	2
5	543	-7
5	544	-63
5	545	-4
5	546	-42
5	547	-32
5	548	-4
5	549	-29
5	550	21
5	551	-25
5	552	-2
5	553	0
5	554	-6
5	555	-28
5	556	-17
5	557	16
5	558	-30
5	559	-50
5	560	-9
5	561	29
5	562	-51
5	563	-7
5	564	4
5	565	-22
5	566	-22
5	567	-1
5	568	-22
5	569	-22
5	570	-4
5	571	-15
5	572	-23
5	573	-2
5	574	-25
5	575	-34
5	576	6
5	577	-30
5	578	-49
5	579	-14
5	580	9
5	581	21
5	582	-8
5	583	-10
5	584	-23
5	585	-42
5	586	23
5	587	-19
5	588	-7
5	589	-53
5	590	-22
5	591	-62
5	592	-4
5	593	-39
5	594	-9
5	595	-29
5	596	21
5	597	18
5	598	1
5	599	4
5	600	-39
5	601	-4
5	602	-41
5	603	-22
5	604	-3
5	605	12
5	606	16
5	607	-11
5	608	-9
5	609	-23
5	610	4
5	611	2
5	612	-32
5	613	-32
5	614	-47
5	615	-37
5	616	-38
5	617	-48
5	618	-20
5	619	-40
5	620	-8
5	621	-5
5	622	-15
5	623	-18
5	624	21
5	625	-24
5	626	0
5	627	-14
5	628	30
5	629	5
5	630	-28
5	631	-55
5	632	-47
5	633	22
5	634	-29
5	635	-49
5	636	-25
5	637	-36
5	638	-5
5	639	-30
5	640	-1
5	641	-24
5	642	-41
5	643	-9
5	644	-37
5	645	12
5	646	-6
5	647	-29
5	648	-12
5	649	-2
5	650	-5
5	651	11
5	652	-46
5	653	-34
5	654	-15
5	655	-32
5	656	-20
5	657	-29
5	658	-37
5	659	-45
5	660	-33
5	661	8
5	662	30
5	663	-13
5	664	-30
5	665	11
5	666	1
5	667	2
5	668	-29
5	669	0
5	670	-19
5	671	-43
5	672	-49
5	673	-33
5	674	-12
5	675	-66
5	676	-6
5	677	7
5	678	-27
5	679	-19
5	680	0
5	681	23
5	682	-20
5	683	-59
5	684	-34
5	685	-43
5	686	-45
5	687	-11
5	688	-7
5	689	-6
5	690	-3
5	691	-27
5	692	-12
5	693	-11
5	694	22
5	695	-16
5	696	-6
5	697	-45
5	698	-4
5	699	-45
5	700	-20
5	701	-28
5	702	11
5	703	-33
5	704	-32
5	705	-10
5	706	-60
5	707	-23
5	708	-11
5	709	-11
5	710	-21
5	711	6
5	712	-41
5	713	8
5	714	-16
5	715	-17
5	716	-14
5	717	-36
5	718	-40
5	719	18
5	720	-10
5	721	-21
5	722	-25
5	723	-27
5	724	-1
5	725	-12
5	726	-19
5	727	-16
5	728	-26
5	729	-11
5	730	-23
5	731	26
5	732	-10
5	733	-25
5	734	15
5	735	-25
5	736	-91
5	737	-37
5	738	-41
5	739	-21
5	740	-59
5	741	-2
5	742	-10
5	743	-14
5	744	-24
5	745	-45
5	746	32
5	747	-27
5	748	-27
5	749	-44
5	750	-31
5	751	-18
5	752	-33
5	753	-28
5	754	-32
5	755	0
5	756	0
5	757	-15
5	758	-14
5	759	-36
5	760	-38
5	761	-31
5	762	9
5	763	9
5	764	-8
5	765	-28
5	766	15
5	767	-31
5	768	-18
5	769	-9
5	770	6
5	771	-8
5	772	-35
5	773	-31
5	774	6
5	775	4
5	776	-29
5	777	-4
5	778	-42
5	779	-8
5	780	35
5	781	-36
5	782	11
5	783	-3
5	784	-27
5	785	-26
5	786	-4
5	787	-39
5	788	8
5	789	-20
5	790	-18
5	791	46
5	792	-3
5	793	-27
5	794	-10
5	795	7
5	796	-17
5	797	-26
5	798	11
5	799	-53
5	800	-42
5	801	-16
5	802	-36
5	803	-12
5	804	28
5	805	-2
5	806	-64
5	807	-4
5	808	47
5	809	-3
5	810	-3
5	811	-37
5	812	-29
5	813	6
5	814	-25
5	815	-3
5	816	-5
5	817	-24
5	818	4
5	819	-2
5	820	12
5	821	-11
5	822	-47
5	823	-35
5	824	-15
5	825	2
5	826	29
5	827	-6
5	828	-34
5	829	-38
5	830	1
5	831	-21
5	832	-25
5	833	-6
5	834	-24
5	835	28
5	836	-38
5	837	-13
5	838	-19
5	839	-60
5	840	-68
5	841	1
5	842	-33
5	843	-14
5	844	-20
5	845	2
5	846	-35
5	847	-3
5	848	22
5	849	-19
5	850	-25
5	851	-12
5	852	-11
5	853	-9
5	854	-58
5	855	-22
5	856	-9
5	857	8
5	858	0
5	859	-19
5	860	-24
5	861	-37
5	862	-11
5	863	-4
5	864	-26
5	865	-6
5	866	-16
5	867	0
5	868	-52
5	869	14
5	870	-4
5	871	13
5	872	-53
5	873	-13
5	874	-10
5	875	-15
5	876	-43
5	877	-24
5	878	-20
5	879	-11
5	880	-2
5	881	2
5	882	-27
5	883	-42
5	884	-40
5	885	-5
5	886	-21
5	887	2
5	888	-15
5	889	10
5	890	-17
5	891	19
5	892	-23
5	893	-27
5	894	-15
5	895	-25
5	896	-8
5	897	-17
5	898	-40
5	899	-57
5	900	-41
5	901	-27
5	902	-14
5	903	-14
5	904	-51
5	905	-48
5	906	-23
5	907	-20
5	908	8
5	909	-18
5	910	-27
5	911	-19
5	912	-44
5	913	-31
5	914	-36
5	915	-30
5	916	-20
5	917	-5
5	918	-26
5	919	-30
5	920	-30
5	921	-9
5	922	-19
5	923	-49
5	924	-20
5	925	-49
5	926	-9
5	927	-27
5	928	2
5	929	25
5	930	-64
5	931	-28
5	932	-23
5	933	-26
5	934	-12
5	935	14
5	936	-6
5	937	-34
5	938	-13
5	939	7
5	940	-41
5	941	9
5	942	-7
5	943	-13
5	944	-16
5	945	-6
5	946	-24
5	947	11
5	948	-38
5	949	-30
5	950	-33
5	951	-9
5	952	-37
5	953	-29
5	954	13
5	955	13
5	956	-12
5	957	-55
5	958	13
5	959	10
5	960	5
5	961	-38
5	962	-11
5	963	6
5	964	-16
5	965	-55
5	966	-61
5	967	7
5	968	-6
5	969	-27
5	970	-9
5	971	-43
5	972	-27
5	973	-30
5	974	-23
5	975	6
5	976	-35
5	977	-29
5	978	-10
5	979	-22
5	980	-18
5	981	-2
5	982	-29
5	983	-4
5	984	19
5	985	-10
5	986	-56
5	987	-13
5	988	-44
5	989	-49
5	990	-12
5	991	-46
5	992	-53
5	993	-6
5	994	-39
5	995	-32
5	996	-42
5	997	5
5	998	16
5	999	-36
5	1000	-45
5	1001	-24
5	1002	-4
5	1003	-6
5	1004	-12
5	1005	-12
5	1006	-36
5	1007	-21
5	1008	-40
5	1009	2
5	1010	-62
5	1011	-34
5	1012	-40
5	1013	-16
5	1014	-33
5	1015	-35
5	1016	-13
5	1017	-9
5	1018	-5
5	1019	-2
5	1020	-14
5	1021	-17
5	1022	-47
5	1023	-5
6	0	59
6	1	-9
6	2	63
6	3	20
6	4	36
6	5	22
6	6	70
6	7	5
6	8	50
6	9	14
6	10	14
6	11	-20
6	12	59
6	13	-8
6	14	23
6	15	48
6	16	34
6	17	23
6	18	29
6	19	-40
6	20	27
6	21	16
6	22	37
6	23	-33
6	24	83
6	25	2
6	26	17
6	27	-22
6	28	26
6	29	-18
6	30	42
6	31	-9
6	32	30
6	33	-2
6	34	58
6	35	-15
6	36	53
6	37	1
6	38	57
6	39	-3
6	40	63
6	41	5
6	42	27
6	43	-10
6	44	8
6	45	-11
6	46	51
6	47	-29
6	48	66
6	49	-38
6	50	67
6	51	15
6	52	48
6	53	-21
6	54	69
6	55	7
6	56	27
6	57	-2
6	58	70
6	59	3
6	60	32
6	61	-14
6	62	31
6	63	-25
6	64	35
6	65	15
6	66	41
6	67	-19
6	68	30
6	69	-1
6	70	37
6	71	-25
6	72	31
6	73	-47
6	74	40
6	75	-1
6	76	4
6	77	38
6	78	29
6	79	23
6	80	28
6	81	-17
6	82	35
6	83	-29
6	84	33
6	85	-22
6	86	66
6	87	-31
6	88	41
6	89	19
6	90	25
6	91	22
6	92	43
6	93	-10
6	94	20
6	95	-48
6	96	63
6	97	26
6	98	30
6	99	-59
6	100	56
6	101	-19
6	102	38
6	103	4
6	104	53
6	105	-18
6	106	41
6	107	10
6	108	40
6	109	0
6	110	84
6	111	4
6	112	55
6	113	-6
6	114	43
6	115	16
6	116	49
6	117	6
6	118	49
6	119	3
6	120	53
6	121	-1
6	122	82
6	123	-16
6	124	52
6	125	-38
6	126	47
6	127	10
6	128	55
6	129	-7
6	130	49
6	131	10
6	132	61
6	133	0
6	134	59
6	135	-40
6	136	46
6	137	-7
6	138	36
6	139	-40
6	140	41
6	141	-12
6	142	81
6	143	-2
6	144	23
6	145	-27
6	146	25
6	147	-3
6	148	9
6	149	14
6	150	51
6	151	17
6	152	7
6	153	-30
6	154	42
6	155	-35
6	156	50
6	157	-22
6	158	44
6	159	6
6	160	46
6	161	6
6	162	26
6	163	-38
6	164	50
6	165	1
6	166	68
6	167	-45
6	168	62
6	169	16
6	170	31
6	171	-28
6	172	75
6	173	-19
6	174	20
6	175	0
6	176	-2
6	177	-14
6	178	41
6	179	3
6	180	45
6	181	-5
6	182	22
6	183	2
6	184	59
6	185	-61
6	186	67
6	187	-49
6	188	31
6	189	-20
6	190	11
6	191	2
6	192	74
6	193	-44
6	194	33
6	195	12
6	196	43
6	197	-22
6	198	67
6	199	-40
6	200	55
6	201	-8
6	202	92
6	203	8
6	204	57
6	205	-25
6	206	63
6	207	-25
6	208	57
6	209	-22
6	210	30
6	211	-31
6	212	34
6	213	15
6	214	39
6	215	-16
6	216	46
6	217	-11
6	218	39
6	219	-7
6	220	93
6	221	-31
6	222	23
6	223	-24
6	224	21
6	225	-39
6	226	58
6	227	-43
6	228	50
6	229	46
6	230	57
6	231	-4
6	232	72
6	233	19
6	234	45
6	235	-16
6	236	7
6	237	-11
6	238	35
6	239	-4
6	240	57
6	241	35
6	242	25
6	243	-13
6	244	41
6	245	29
6	246	58
6	247	-22
6	248	35
6	249	28
6	250	44
6	251	-37
6	252	20
6	253	7
6	254	46
6	255	-11
6	256	25
6	257	-17
6	258	24
6	259	-3
6	260	74
6	261	-17
6	262	41
6	263	-37
6	264	45
6	265	-10
6	266	40
6	267	-14
6	268	42
6	269	-25
6	270	39
6	271	13
6	272	40
6	273	-26
6	274	35
6	275	17
6	276	6
6	277	8
6	278	26
6	279	18
6	280	57
6	281	-22
6	282	66
6	283	-22
6	284	51
6	285	-61
6	286	46
6	287	-25
6	288	42
6	289	-29
6	290	17
6	291	0
6	292	54
6	293	-14
6	294	33
6	295	-6
6	296	42
6	297	6
6	298	33
6	299	-23
6	300	8
6	301	9
6	302	22
6	303	4
6	304	27
6	305	-2
6	306	46
6	307	26
6	308	37
6	309	25
6	310	59
6	311	-29
6	312	26
6	313	-6
6	314	31
6	315	-14
6	316	65
6	317	-28
6	318	49
6	319	-19
6	320	42
6	321	25
6	322	45
6	323	2
6	324	12
6	325	-11
6	326	52
6	327	27
6	328	96
6	329	-24
6	330	42
6	331	-22
6	332	23
6	333	12
6	334	38
6	335	-11
6	336	62
6	337	-6
6	338	8
6	339	-36
6	340	30
6	341	-8
6	342	6
6	343	-34
6	344	58
6	345	18
6	346	28
6	347	-18
6	348	56
6	349	-2
6	350	65
6	351	2
6	352	19
6	353	5
6	354	37
6	355	-3
6	356	45
6	357	-28
6	358	30
6	359	18
6	360	51
6	361	-34
6	362	34
6	363	-9
6	364	34
6	365	-19
6	366	74
6	367	-16
6	368	52
6	369	13
6	370	49
6	371	4
6	372	83
6	373	6
6	374	38
6	375	-21
6	376	60
6	377	-11
6	378	38
6	379	-10
6	380	23
6	381	-15
6	382	62
6	383	-30
6	384	62
6	385	32
6	386	21
6	387	-52
6	388	35
6	389	18
6	390	66
6	391	10
6	392	48
6	393	11
6	394	66
6	395	1
6	396	27
6	397	15
6	398	11
6	399	-25
6	400	6
6	401	0
6	402	67
6	403	-7
6	404	48
6	405	-25
6	406	40
6	407	-16
6	408	38
6	409	12
6	410	33
6	411	12
6	412	24
6	413	-10
6	414	33
6	415	-3
6	416	53
6	417	0
6	418	92
6	419	10
6	420	54
6	421	1
6	422	51
6	423	-13
6	424	12
6	425	2
6	426	32
6	427	0
6	428	43
6	429	-36
6	430	86
6	431	-18
6	432	45
6	433	-32
6	434	50
6	435	-14
6	436	15
6	437	-2
6	438	77
6	439	-43
6	440	40
6	441	21
6	442	40
6	443	22
6	444	57
6	445	-32
6	446	42
6	447	-23
6	448	78
6	449	-28
6	450	44
6	451	-6
6	452	22
6	453	24
6	454	34
6	455	-11
6	456	75
6	457	-13
6	458	32
6	459	-4
6	460	76
6	461	34
6	462	35
6	463	7
6	464	50
6	465	-28
6	466	35
6	467	-8
6	468	71
6	469	12
6	470	73
6	471	-33
6	472	76
6	473	15
6	474	17
6	475	-25
6	476	62
6	477	-20
6	478	77
6	479	-36
6	480	42
6	481	-17
6	482	45
6	483	-23
6	484	21
6	485	21
6	486	46
6	487	3
6	488	56
6	489	7
6	490	94
6	491	-7
6	492	37
6	493	-17
6	494	82
6	495	15
6	496	51
6	497	14
6	498	-34
6	499	-68
6	500	-19
6	501	-98
6	502	-34
6	503	-83
6	504	41
6	505	-39
6	506	53
6	507	-25
6	508	20
6	509	21
6	510	22
6	511	26
6	512	-41
6	513	6
6	514	-32
6	515	1
6	516	-32
6	517	-21
6	518	-32
6	519	-29
6	520	-32
6	521	-31
6	522	-18
6	523	-23
6	524	-32
6	525	-45
6	526	14
6	527	-20
6	528	5
6	529	14
6	530	-41
6	531	-32
6	532	-24
6	533	-46
6	534	-8
6	535	-42
6	536	-17
6	537	-38
6	538	6
6	539	0
6	540	-5
6	541	-31
6	542	5
6	543	20
6	544	4
6	545	2
6	546	-12
6	547	33
6	548	-15
6	549	-14
6	550	13
6	551	-27
6	552	-17
6	553	-37
6	554	-20
6	555	-42
6	556	-32
6	557	-10
6	558	-38
6	559	-18
6	560	-25
6	561	-7
6	562	-25
6	563	-10
6	564	-46
6	565	-39
6	566	-37
6	567	-31
6	568	-34
6	569	-18
6	570	-4
6	571	9
6	572	7
6	573	17
6	574	0
6	575	-37
6	576	-54
6	577	-14
6	578	-45
6	579	-7
6	580	-23
6	581	-9
6	582	-20
6	583	-1
6	584	-16
6	585	13
6	586	-11
6	587	5
6	588	-33
6	589	-16
6	590	0
6	591	-3
6	592	11
6	593	-49
6	594	-26
6	595	-31
6	596	-18
6	597	-44
6	598	-3
6	599	9
6	600	0
6	601	-9
6	602	-11
6	603	-1
6	604	-46
6	605	-18
6	606	-19
6	607	3
6	608	-39
6	609	15
6	610	-17
6	611	-31
6	612	-34
6	613	-2
6	614	42
6	615	-57
6	616	17
6	617	10
6	618	-63
6	619	-30
6	620	-1
6	621	-5
6	622	-26
6	623	-14
6	624	-24
6	625	-34
6	626	-32
6	627	-42
6	628	-8
6	629	-15
6	630	-26
6	631	-18
6	632	-43
6	633	6
6	634	-7
6	635	-6
6	636	-18
6	637	-9
6	638	8
6	639	-61
6	640	-67
6	641	-14
6	642	-22
6	643	-44
6	644	-33
6	645	6
6	646	-41
6	647	-35
6	648	7
6	649	-49
6	650	7
6	651	-24
6	652	-28
6	653	-15
6	654	-35
6	655	-51
6	656	17
6	657	-32
6	658	-16
6	659	-5
6	660	-50
6	661	-25
6	662	-5
6	663	-2
6	664	-16
6	665	-12
6	666	-13
6	667	-16
6	668	-28
6	669	0
6	670	-34
6	671	-20
6	672	-3
6	673	1
6	674	40
6	675	-31
6	676	-16
6	677	-36
6	678	-49
6	679	-15
6	680	-7
6	681	-36
6	682	5
6	683	-10
6	684	-18
6	685	-8
6	686	17
6	687	-10
6	688	4
6	689	-34
6	690	-42
6	691	-5
6	692	-36
6	693	-17
6	694	-28
6	695	-12
6	696	-9
6	697	-8
6	698	-17
6	699	15
6	700	-30
6	701	-35
6	702	-22
6	703	-8
6	704	-39
6	705	-45
6	706	-30
6	707	20
6	708	3
6	709	15
6	710	-30
6	711	-15
6	712	5
6	713	9
6	714	4
6	715	-70
6	716	22
6	717	-43
6	718	-23
6	719	24
6	720	-28
6	721	-5
6	722	-35
6	723	17
6	724	7
6	725	-9
6	726	-48
6	727	17
6	728	-56
6	729	-19
6	730	-11
6	731	-2
6	732	-19
6	733	-26
6	734	-9
6	735	-18
6	736	-51
6	737	-39
6	738	-22
6	739	-28
6	740	6
6	741	-22
6	742	-34
6	743	3
6	744	-33
6	745	-6
6	746	-51
6	747	12
6	748	-28
6	749	-34
6	750	-31
6	751	-19
6	752	-31
6	753	5
6	754	-17
6	755	-7
6	756	-28
6	757	-25
6	758	-39
6	759	-36
6	760	-17
6	761	3
6	762	-26
6	763	-28
6	764	-21
6	765	-8
6	766	-26
6	767	-10
6	768	3
6	769	-64
6	770	-4
6	771	-13
6	772	7
6	773	-21
6	774	-18
6	775	-33
6	776	-28
6	777	-46
6	778	-57
6	779	10
6	780	2
6	781	-27
6	782	-9
6	783	-28
6	784	-59
6	785	5
6	786	13
6	787	42
6	788	30
6	789	-26
6	790	-20
6	791	19
6	792	-25
6	793	-22
6	794	2
6	795	-61
6	796	-2
6	797	10
6	798	-54
6	799	-46
6	800	-32
6	801	-18
6	802	6
6	803	-14
6	804	-21
6	805	-24
6	806	31
6	807	-11
6	808	22
6	809	3
6	810	-7
6	811	-19
6	812	13
6	813	-14
6	814	4
6	815	-23
6	816	-34
6	817	-27
6	818	-21
6	819	-34
6	820	-36
6	821	-33
6	822	-43
6	823	-32
6	824	5
6	825	18
6	826	-34
6	827	-25
6	828	-11
6	829	-27
6	830	-15
6	831	-25
6	832	19
6	833	11
6	834	-5
6	835	-14
6	836	-46
6	837	-40
6	838	-9
6	839	-12
6	840	-8
6	841	-44
6	842	-20
6	843	-33
6	844	-20
6	845	-5
6	846	-3
6	847	-13
6	848	-10
6	849	-47
6	850	12
6	851	-21
6	852	16
6	853	-12
6	854	2
6	855	2
6	856	-23
6	857	22
6	858	-52
6	859	-34
6	860	-28
6	861	-34
6	862	-30
6	863	-72
6	864	-18
6	865	3
6	866	-7
6	867	3
6	868	-25
6	869	-4
6	870	-10
6	871	-34
6	872	27
6	873	-28
6	874	-34
6	875	-1
6	876	-19
6	877	-29
6	878	-3
6	879	-37
6	880	1
6	881	4
6	882	-10
6	883	-8
6	884	-21
6	885	-1
6	886	-49
6	887	8
6	888	-27
6	889	11
6	890	-52
6	891	-13
6	892	-11
6	893	-14
6	894	3
6	895	33
6	896	-35
6	897	-33
6	898	8
6	899	-6
6	900	11
6	901	2
6	902	0
6	903	-45
6	904	-2
6	905	-23
6	906	24
6	907	14
6	908	2
6	909	-8
6	910	-17
6	911	6
6	912	-17
6	913	8
6	914	-10
6	915	-17
6	916	-55
6	917	11
6	918	-14
6	919	-43
6	920	14
6	921	-35
6	922	-12
6	923	-11
6	924	-9
6	925	36
6	926	-16
6	927	-21
6	928	-29
6	929	-3
6	930	-3
6	931	-14
6	932	-39
6	933	-34
6	934	-14
6	935	-60
6	936	-8
6	937	12
6	938	-14
6	939	-57
6	940	1
6	941	-7
6	942	-30
6	943	-6
6	944	-20
6	945	-28
6	946	-14
6	947	-20
6	948	-15
6	949	-21
6	950	-12
6	951	-57
6	952	-21
6	953	-41
6	954	-20
6	955	-28
6	956	-18
6	957	-7
6	958	5
6	959	4
6	960	-3
6	961	-26
6	962	-39
6	963	-13
6	964	-59
6	965	-53
6	966	11
6	967	-9
6	968	-13
6	969	1
6	970	-38
6	971	-57
6	972	-4
6	973	-41
6	974	-50
6	975	-49
6	976	-20
6	977	-48
6	978	14
6	979	-26
6	980	-53
6	981	-16
6	982	0
6	983	-30
6	984	-20
6	985	-33
6	986	-8
6	987	7
6	988	-39
6	989	-33
6	990	-31
6	991	-33
6	992	-42
6	993	-51
6	994	2
6	995	-26
6	996	-30
6	997	-9
6	998	-61
6	999	-66
6	1000	-25
6	1001	-46
6	1002	-10
6	1003	-29
6	1004	-26
6	1005	2
6	1006	-12
6	1007	-30
6	1008	17
6	1009	-3
6	1010	-47
6	1011	-16
6	1012	-75
6	1013	-60
6	1014	-18
6	1015	-27
6	1016	5
6	1017	-23
6	1018	-25
6	1019	-13
6	1020	-38
6	1021	-34
6	1022	-12
6	1023	17
7	0	40
7	1	-21
7	2	55
7	3	-29
7	4	38
7	5	-50
7	6	13
7	7	-18
7	8	63
7	9	-44
7	10	13
7	11	-2
7	12	81
7	13	-24
7	14	16
7	15	-1
7	16	13
7	17	3
7	18	48
7	19	-13
7	20	23
7	21	14
7	22	37
7	23	-39
7	24	51
7	25	-18
7	26	23
7	27	-16
7	28	42
7	29	2
7	30	3
7	31	-21
7	32	62
7	33	-16
7	34	50
7	35	6
7	36	0
7	37	-23
7	38	54
7	39	47
7	40	80
7	41	2
7	42	52
7	43	-11
7	44	31
7	45	-9
7	46	34
7	47	-32
7	48	50
7	49	-31
7	50	94
7	51	12
7	52	27
7	53	-14
7	54	29
7	55	-2
7	56	61
7	57	6
7	58	53
7	59	23
7	60	80
7	61	-7
7	62	35
7	63	-25
7	64	17
7	65	-16
7	66	60
7	67	-19
7	68	58
7	69	-25
7	70	42
7	71	-19
7	72	37
7	73	-12
7	74	56
7	75	-13
7	76	30
7	77	21
7	78	78
7	79	-24
7	80	41
7	81	-16
7	82	5
7	83	-2
7	84	13
7	85	-31
7	86	35
7	87	2
7	88	65
7	89	-22
7	90	73
7	91	-22
7	92	45
7	93	-60
7	94	25
7	95	-32
7	96	66
7	97	-11
7	98	46
7	99	-14
7	100	43
7	101	8
7	102	0
7	103	-14
7	104	18
7	105	-50
7	106	46
7	107	-26
7	108	40
7	109	-43
7	110	51
7	111	0
7	112	46
7	113	-21
7	114	22
7	115	17
7	116	39
7	117	-33
7	118	34
7	119	-29
7	120	48
7	121	-13
7	122	67
7	123	-18
7	124	42
7	125	-38
7	126	18
7	127	9
7	128	38
7	129	-19
7	130	29
7	131	34
7	132	50
7	133	-58
7	134	51
7	135	-28
7	136	60
7	137	-65
7	138	43
7	139	6
7	140	55
7	141	29
7	142	80
7	143	0
7	144	19
7	145	-2
7	146	36
7	147	23
7	148	33
7	149	-11
7	150	55
7	151	46
7	152	15
7	153	-31
7	154	59
7	155	2
7	156	34
7	157	-53
7	158	22
7	159	-29
7	160	78
7	161	-79
7	162	51
7	163	14
7	164	64
7	165	6
7	166	59
7	167	-3
7	168	84
7	169	16
7	170	59
7	171	11
7	172	48
7	173	-27
7	174	36
7	175	-39
7	176	-11
7	177	-11
7	178	38
7	179	-32
7	180	55
7	181	-36
7	182	41
7	183	-65
7	184	34
7	185	-48
7	186	53
7	187	-12
7	188	39
7	189	-16
7	190	45
7	191	8
7	192	37
7	193	-6
7	194	83
7	195	-30
7	196	43
7	197	-37
7	198	63
7	199	24
7	200	37
7	201	5
7	202	8
7	203	-25
7	204	29
7	205	-60
7	206	62
7	207	-17
7	208	29
7	209	-49
7	210	50
7	211	16
7	212	77
7	213	-15
7	214	61
7	215	-49
7	216	58
7	217	-19
7	218	64
7	219	-25
7	220	56
7	221	-24
7	222	21
7	223	-26
7	224	42
7	225	8
7	226	63
7	227	4
7	228	43
7	229	-44
7	230	56
7	231	9
7	232	31
7	233	14
7	234	21
7	235	-10
7	236	37
7	237	-6
7	238	59
7	239	-37
7	240	51
7	241	-20
7	242	74
7	243	-5
7	244	63
7	245	-14
7	246	43
7	247	11
7	248	67
7	249	-41
7	250	61
7	251	-8
7	252	69
7	253	13
7	254	23
7	255	-48
7	256	75
7	257	-22
7	258	75
7	259	-8
7	260	40
7	261	-34
7	262	33
7	263	-29
7	264	68
7	265	2
7	266	39
7	267	-20
7	268	23
7	269	4
7	270	76
7	271	-31
7	272	33
7	273	-24
7	274	16
7	275	21
7	276	59
7	277	-11
7	278	7
7	279	-3
7	280	11
7	281	11
7	282	30
7	283	-9
7	284	35
7	285	-3
7	286	56
7	287	6
7	288	59
7	289	12
7	290	16
7	291	-6
7	292	26
7	293	15
7	294	-11
7	295	-21
7	296	38
7	297	-18
7	298	73
7	299	10
7	300	47
7	301	14
7	302	38
7	303	1
7	304	32
7	305	-15
7	306	56
7	307	3
7	308	72
7	309	-21
7	310	38
7	311	-38
7	312	68
7	313	23
7	314	-2
7	315	-12
7	316	22
7	317	-14
7	318	38
7	319	-5
7	320	35
7	321	-50
7	322	31
7	323	24
7	324	66
7	325	-42
7	326	41
7	327	-36
7	328	22
7	329	18
7	330	33
7	331	-38
7	332	72
7	333	-32
7	334	13
7	335	-40
7	336	16
7	337	-47
7	338	59
7	339	20
7	340	53
7	341	6
7	342	33
7	343	-7
7	344	55
7	345	-14
7	346	62
7	347	-27
7	348	18
7	349	-14
7	350	45
7	351	-16
7	352	49
7	353	-23
7	354	1
7	355	16
7	356	1
7	357	9
7	358	61
7	359	-21
7	360	61
7	361	37
7	362	57
7	363	-43
7	364	77
7	365	-23
7	366	48
7	367	11
7	368	81
7	369	-18
7	370	34
7	371	-14
7	372	30
7	373	-52
7	374	76
7	375	-18
7	376	20
7	377	-2
7	378	26
7	379	-44
7	380	48
7	381	-19
7	382	34
7	383	-16
7	384	43
7	385	-45
7	386	43
7	387	-57
7	388	31
7	389	9
7	390	63
7	391	-14
7	392	30
7	393	-22
7	394	58
7	395	-33
7	396	82
7	397	-2
7	398	15
7	399	0
7	400	62
7	401	-11
7	402	67
7	403	-21
7	404	12
7	405	-21
7	406	66
7	407	-22
7	408	50
7	409	10
7	410	65
7	411	-12
7	412	61
7	413	-8
7	414	82
7	415	-27
7	416	41
7	417	-8
7	418	53
7	419	21
7	420	50
7	421	-5
7	422	29
7	423	-3
7	424	11
7	425	3
7	426	46
7	427	-37
7	428	55
7	429	-9
7	430	52
7	431	-11
7	432	67
7	433	-36
7	434	25
7	435	-5
7	436	17
7	437	-19
7	438	70
7	439	-12
7	440	23
7	441	14
7	442	-17
7	443	-34
7	444	50
7	445	-20
7	446	16
7	447	8
7	448	1
7	449	8
7	450	17
7	451	-12
7	452	67
7	453	-30
7	454	54
7	455	-41
7	456	33
7	457	-1
7	458	53
7	459	-5
7	460	38
7	461	4
7	462	33
7	463	-32
7	464	22
7	465	2
7	466	40
7	467	-52
7	468	52
7	469	-10
7	470	27
7	471	15
7	472	78
7	473	-24
7	474	27
7	475	4
7	476	69
7	477	-10
7	478	57
7	479	9
7	480	46
7	481	-11
7	482	80
7	483	-16
7	484	44
7	485	1
7	486	61
7	487	-21
7	488	33
7	489	-18
7	490	28
7	491	-17
7	492	15
7	493	-14
7	494	73
7	495	-16
7	496	85
7	497	25
7	498	-65
7	499	-65
7	500	-20
7	501	-103
7	502	-18
7	503	-83
7	504	31
7	505	-17
7	506	9
7	507	2
7	508	58
7	509	-28
7	510	17
7	511	0
7	512	-7
7	513	4
7	514	-6
7	515	-48
7	516	8
7	517	-12
7	518	-49
7	519	-11
7	520	-45
7	521	9
7	522	-15
7	523	-39
7	524	0
7	525	16
7	526	-42
7	527	13
7	528	-16
7	529	6
7	530	-49
7	531	22
7	532	-5
7	533	7
7	534	-26
7	535	2
7	536	9
7	537	12
7	538	-19
7	539	-25
7	540	-41
7	541	-22
7	542	-2
7	543	27
7	544	-32
7	545	-21
7	546	-19
7	547	-25
7	548	15
7	549	-25
7	550	-8
7	551	-36
7	552	-26
7	553	16
7	554	-12
7	555	11
7	556	-11
7	557	-26
7	558	4
7	559	-22
7	560	-17
7	561	12
7	562	-13
7	563	-6
7	564	-11
7	565	-23
7	566	-39
7	567	45
7	568	-16
7	569	-18
7	570	-14
7	571	-30
7	572	-38
7	573	-36
7	574	-49
7	575	-17
7	576	-36
7	577	-33
7	578	38
7	579	-22
7	580	-21
7	581	-5
7	582	-47
7	583	-25
7	584	-37
7	585	-12
7	586	22
7	587	-13
7	588	-7
7	589	4
7	590	2
7	591	-2
7	592	20
7	593	-19
7	594	8
7	595	-4
7	596	-2
7	597	16
7	598	-9
7	599	9
7	600	3
7	601	-32
7	602	-38
7	603	-2
7	604	10
7	605	-4
7	606	-40
7	607	14
7	608	-19
7	609	-2
7	610	-21
7	611	-19
7	612	5
7	613	-39
7	614	-8
7	615	-16
7	616	-21
7	617	-20
7	618	19
7	619	-10
7	620	-19
7	621	12
7	622	-8
7	623	-29
7	624	-14
7	625	13
7	626	5
7	627	6
7	628	-11
7	629	-8
7	630	4
7	631	-34
7	632	20
7	633	-34
7	634	-17
7	635	-19
7	636	-17
7	637	-7
7	638	-48
7	639	-9
7	640	-9
7	641	-6
7	642	-38
7	643	-6
7	644	-47
7	645	-14
7	646	31
7	647	-30
7	648	-14
7	649	16
7	650	-4
7	651	-6
7	652	-5
7	653	-16
7	654	-34
7	655	-22
7	656	-6
7	657	5
7	658	-22
7	659	-26
7	660	-16
7	661	7
7	662	7
7	663	14
7	664	14
7	665	-6
7	666	-1
7	667	-4
7	668	-37
7	669	-2
7	670	-20
7	671	-30
7	672	13
7	673	-13
7	674	17
7	675	-8
7	676	10
7	677	-14
7	678	0
7	679	9
7	680	-24
7	681	-73
7	682	-32
7	683	-4
7	684	10
7	685	-34
7	686	14
7	687	14
7	688	-38
7	689	-8
7	690	3
7	691	-32
7	692	-31
7	693	-33
7	694	-14
7	695	-22
7	696	-26
7	697	-6
7	698	-50
7	699	-28
7	700	-21
7	701	-28
7	702	-20
7	703	-7
7	704	-11
7	705	-32
7	706	-29
7	707	-2
7	708	-10
7	709	-9
7	710	-16
7	711	11
7	712	-27
7	713	-53
7	714	12
7	715	6
7	716	16
7	717	3
7	718	-58
7	719	-41
7	720	-39
7	721	-28
7	722	-26
7	723	35
7	724	-14
7	725	-8
7	726	-6
7	727	-32
7	728	-14
7	729	7
7	730	-28
7	731	-35
7	732	8
7	733	-20
7	734	-19
7	735	-20
7	736	5
7	737	2
7	738	-27
7	739	-28
7	740	9
7	741	-13
7	742	-7
7	743	18
7	744	-12
7	745	4
7	746	17
7	747	-28
7	748	-36
7	749	-5
7	750	14
7	751	-21
7	752	3
7	753	-15
7	754	-16
7	755	-2
7	756	-50
7	757	-15
7	758	-12
7	759	-26
7	760	-9
7	761	-2
7	762	-41
7	763	18
7	764	-31
7	765	0
7	766	-6
7	767	-9
7	768	-33
7	769	-4
7	770	-15
7	771	4
7	772	-48
7	773	-19
7	774	-29
7	775	-24
7	776	-60
7	777	-24
7	778	-22
7	779	-27
7	780	25
7	781	11
7	782	-18
7	783	-39
7	784	-37
7	785	3
7	786	-58
7	787	-6
7	788	-44
7	789	-36
7	790	-41
7	791	-21
7	792	14
7	793	7
7	794	-10
7	795	-18
7	796	-24
7	797	0
7	798	1
7	799	3
7	800	-14
7	801	-53
7	802	7
7	803	17
7	804	-49
7	805	-30
7	806	-10
7	807	29
7	808	-36
7	809	38
7	810	-33
7	811	4
7	812	-9
7	813	-86
7	814	-46
7	815	-22
7	816	4
7	817	-35
7	818	0
7	819	-30
7	820	-9
7	821	-37
7	822	16
7	823	-33
7	824	-57
7	825	1
7	826	-28
7	827	-16
7	828	-14
7	829	-23
7	830	-19
7	831	1
7	832	-19
7	833	-60
7	834	-6
7	835	-30
7	836	-22
7	837	-47
7	838	-22
7	839	-43
7	840	-15
7	841	-8
7	842	-20
7	843	-30
7	844	-49
7	845	11
7	846	8
7	847	-4
7	848	-52
7	849	8
7	850	3
7	851	-10
7	852	-5
7	853	9
7	854	-20
7	855	-8
7	856	-36
7	857	-12
7	858	-18
7	859	3
7	860	-2
7	861	8
7	862	15
7	863	-39
7	864	-33
7	865	-29
7	866	-14
7	867	-6
7	868	18
7	869	-4
7	870	-17
7	871	-12
7	872	-10
7	873	-30
7	874	-6
7	875	-32
7	876	-47
7	877	-1
7	878	-11
7	879	-22
7	880	-19
7	881	17
7	882	-2
7	883	10
7	884	11
7	885	-31
7	886	-3
7	887	-40
7	888	-26
7	889	-15
7	890	-18
7	891	-30
7	892	-24
7	893	-10
7	894	-12
7	895	-40
7	896	-25
7	897	-31
7	898	6
7	899	-47
7	900	-11
7	901	3
7	902	9
7	903	-12
7	904	-22
7	905	-9
7	906	-10
7	907	0
7	908	3
7	909	0
7	910	-24
7	911	16
7	912	-16
7	913	-2
7	914	-15
7	915	21
7	916	-17
7	917	-36
7	918	21
7	919	-5
7	920	-4
7	921	-20
7	922	-31
7	923	-43
7	924	-18
7	925	13
7	926	-35
7	927	-54
7	928	2
7	929	-46
7	930	-73
7	931	7
7	932	-5
7	933	-3
7	934	-4
7	935	-16
7	936	16
7	937	-54
7	938	3
7	939	9
7	940	-5
7	941	7
7	942	-39
7	943	-22
7	944	-18
7	945	-8
7	946	-2
7	947	-48
7	948	-22
7	949	-34
7	950	-9
7	951	-55
7	952	-22
7	953	-26
7	954	-8
7	955	-8
7	956	-33
7	957	-15
7	958	-33
7	959	-4
7	960	-15
7	961	-11
7	962	-74
7	963	-3
7	964	-17
7	965	0
7	966	-55
7	967	0
7	968	11
7	969	-34
7	970	-25
7	971	-31
7	972	-2
7	973	-7
7	974	-6
7	975	-17
7	976	30
7	977	-14
7	978	-25
7	979	-19
7	980	-20
7	981	-25
7	982	-1
7	983	-26
7	984	-12
7	985	-21
7	986	18
7	987	-34
7	988	3
7	989	-20
7	990	-36
7	991	-30
7	992	-26
7	993	-67
7	994	-11
7	995	-9
7	996	-38
7	997	-16
7	998	-8
7	999	13
7	1000	-23
7	1001	7
7	1002	-18
7	1003	-13
7	1004	-9
7	1005	-10
7	1006	-15
7	1007	-13
7	1008	2
7	1009	3
7	1010	-51
7	1011	-45
7	1012	-22
7	1013	-45
7	1014	-32
7	1015	-14
7	1016	-32
7	1017	-26
7	1018	16
7	1019	-23
7	1020	-20
7	1021	-35
7	1022	-41
7	1023	-32
8	0	58
8	1	-3
8	2	25
8	3	-1
8	4	-23
8	5	-35
8	6	26
8	7	16
8	8	41
8	9	-21
8	10	28
8	11	-18
8	12	99
8	13	-13
8	14	75
8	15	-16
8	16	15
8	17	-8
8	18	76
8	19	-30
8	20	65
8	21	-23
8	22	36
8	23	60
8	24	32
8	25	3
8	26	40
8	27	-10
8	28	65
8	29	-26
8	30	72
8	31	-24
8	32	69
8	33	16
8	34	29
8	35	2
8	36	56
8	37	-51
8	38	45
8	39	-14
8	40	-15
8	41	26
8	42	42
8	43	17
8	44	50
8	45	10
8	46	43
8	47	10
8	48	5
8	49	-27
8	50	52
8	51	42
8	52	19
8	53	11
8	54	45
8	55	-12
8	56	20
8	57	-30
8	58	23
8	59	-19
8	60	60
8	61	-13
8	62	11
8	63	3
8	64	48
8	65	-13
8	66	63
8	67	-1
8	68	49
8	69	-13
8	70	39
8	71	26
8	72	34
8	73	-20
8	74	37
8	75	-3
8	76	69
8	77	-1
8	78	53
8	79	12
8	80	14
8	81	30
8	82	4
8	83	26
8	84	24
8	85	9
8	86	35
8	87	-13
8	88	33
8	89	18
8	90	51
8	91	-27
8	92	49
8	93	-30
8	94	29
8	95	-28
8	96	53
8	97	8
8	98	10
8	99	-47
8	100	45
8	101	-13
8	102	28
8	103	-8
8	104	6
8	105	13
8	106	55
8	107	12
8	108	44
8	109	-8
8	110	24
8	111	-34
8	112	51
8	113	9
8	114	22
8	115	-22
8	116	38
8	117	-13
8	118	52
8	119	-8
8	120	59
8	121	34
8	122	60
8	123	0
8	124	55
8	125	18
8	126	3
8	127	18
8	128	36
8	129	-39
8	130	82
8	131	0
8	132	56
8	133	-2
8	134	20
8	135	3
8	136	2
8	137	7
8	138	58
8	139	-21
8	140	39
8	141	5
8	142	35
8	143	-22
8	144	53
8	145	38
8	146	54
8	147	-45
8	148	64
8	149	-17
8	150	33
8	151	25
8	152	64
8	153	7
8	154	63
8	155	-23
8	156	59
8	157	-15
8	158	78
8	159	-40
8	160	58
8	161	0
8	162	20
8	163	10
8	164	19
8	165	-10
8	166	37
8	167	10
8	168	30
8	169	-6
8	170	17
8	171	-31
8	172	37
8	173	-5
8	174	53
8	175	3
8	176	40
8	177	-26
8	178	24
8	179	-43
8	180	-17
8	181	14
8	182	-3
8	183	-33
8	184	19
8	185	-8
8	186	29
8	187	21
8	188	70
8	189	-18
8	190	42
8	191	-38
8	192	17
8	193	6
8	194	57
8	195	13
8	196	82
8	197	-21
8	198	28
8	199	-32
8	200	54
8	201	-31
8	202	53
8	203	-31
8	204	51
8	205	-45
8	206	31
8	207	33
8	208	53
8	209	-26
8	210	50
8	211	-11
8	212	64
8	213	-46
8	214	34
8	215	-1
8	216	41
8	217	-30
8	218	35
8	219	38
8	220	25
8	221	23
8	222	31
8	223	9
8	224	31
8	225	-25
8	226	20
8	227	-41
8	228	5
8	229	40
8	230	57
8	231	-5
8	232	51
8	233	-21
8	234	39
8	235	7
8	236	51
8	237	13
8	238	64
8	239	-10
8	240	32
8	241	0
8	242	-5
8	243	-9
8	244	31
8	245	-2
8	246	38
8	247	9
8	248	54
8	249	-18
8	250	42
8	251	-22
8	252	82
8	253	45
8	254	31
8	255	-17
8	256	18
8	257	-20
8	258	45
8	259	-54
8	260	32
8	261	-25
8	262	41
8	263	-6
8	264	44
8	265	25
8	266	66
8	267	43
8	268	37
8	269	-6
8	270	20
8	271	18
8	272	27
8	273	6
8	274	76
8	275	-1
8	276	71
8	277	38
8	278	18
8	279	1
8	280	53
8	281	-3
8	282	50
8	283	20
8	284	42
8	285	-22
8	286	37
8	287	-28
8	288	49
8	289	-2
8	290	39
8	291	24
8	292	27
8	293	3
8	294	29
8	295	31
8	296	6
8	297	-15
8	298	14
8	299	-35
8	300	29
8	301	-10
8	302	14
8	303	1
8	304	51
8	305	-30
8	306	28
8	307	10
8	308	68
8	309	0
8	310	48
8	311	1
8	312	31
8	313	7
8	314	20
8	315	19
8	316	-3
8	317	0
8	318	14
8	319	-5
8	320	71
8	321	6
8	322	56
8	323	-6
8	324	18
8	325	-39
8	326	-3
8	327	-5
8	328	46
8	329	21
8	330	43
8	331	11
8	332	61
8	333	-13
8	334	54
8	335	40
8	336	-11
8	337	-22
8	338	-5
8	339	1
8	340	79
8	341	48
8	342	40
8	343	3
8	344	41
8	345	7
8	346	20
8	347	-11
8	348	22
8	349	-24
8	350	30
8	351	-20
8	352	61
8	353	55
8	354	31
8	355	5
8	356	51
8	357	6
8	358	17
8	359	10
8	360	36
8	361	-7
8	362	62
8	363	6
8	364	34
8	365	-12
8	366	34
8	367	20
8	368	90
8	369	5
8	370	66
8	371	12
8	372	31
8	373	-3
8	374	-2
8	375	-2
8	376	51
8	377	-5
8	378	21
8	379	-23
8	380	31
8	381	12
8	382	33
8	383	31
8	384	43
8	385	-26
8	386	49
8	387	17
8	388	31
8	389	-34
8	390	28
8	391	-18
8	392	25
8	393	17
8	394	39
8	395	-27
8	396	61
8	397	26
8	398	27
8	399	6
8	400	36
8	401	8
8	402	42
8	403	10
8	404	49
8	405	14
8	406	82
8	407	-13
8	408	52
8	409	-6
8	410	48
8	411	22
8	412	43
8	413	-10
8	414	17
8	415	10
8	416	52
8	417	11
8	418	52
8	419	-16
8	420	54
8	421	7
8	422	41
8	423	2
8	424	36
8	425	-13
8	426	46
8	427	11
8	428	50
8	429	23
8	430	73
8	431	18
8	432	29
8	433	19
8	434	45
8	435	31
8	436	63
8	437	-16
8	438	20
8	439	0
8	440	46
8	441	-24
8	442	52
8	443	21
8	444	75
8	445	-23
8	446	32
8	447	-24
8	448	45
8	449	-12
8	450	63
8	451	-32
8	452	26
8	453	0
8	454	16
8	455	-18
8	456	26
8	457	-34
8	458	35
8	459	3
8	460	42
8	461	35
8	462	69
8	463	-7
8	464	77
8	465	-28
8	466	77
8	467	-22
8	468	45
8	469	-21
8	470	21
8	471	26
8	472	68
8	473	-3
8	474	80
8	475	-37
8	476	96
8	477	65
8	478	29
8	479	-3
8	480	62
8	481	-34
8	482	37
8	483	-20
8	484	34
8	485	43
8	486	27
8	487	13
8	488	73
8	489	-7
8	490	22
8	491	4
8	492	50
8	493	-49
8	494	40
8	495	-7
8	496	71
8	497	41
8	498	-27
8	499	-36
8	500	-24
8	501	-100
8	502	-32
8	503	-89
8	504	90
8	505	17
8	506	47
8	507	-20
8	508	-12
8	509	-53
8	510	60
8	511	-5
8	512	-14
8	513	-6
8	514	-11
8	515	-19
8	516	-14
8	517	-38
8	518	-28
8	519	-19
8	520	-32
8	521	-8
8	522	-34
8	523	-17
8	524	-8
8	525	-29
8	526	-36
8	527	-8
8	528	-8
8	529	13
8	530	-6
8	531	-56
8	532	-33
8	533	-45
8	534	-44
8	535	-36
8	536	-17
8	537	-1
8	538	-23
8	539	-43
8	540	-32
8	541	-13
8	542	1
8	543	19
8	544	-33
8	545	-35
8	546	-1
8	547	15
8	548	-6
8	549	-14
8	550	-6
8	551	-13
8	552	-26
8	553	44
8	554	-16
8	555	-22
8	556	-26
8	557	14
8	558	-12
8	559	0
8	560	-22
8	561	-17
8	562	-23
8	563	-10
8	564	-14
8	565	-21
8	566	-30
8	567	-2
8	568	-20
8	569	-23
8	570	-18
8	571	-31
8	572	-35
8	573	0
8	574	-8
8	575	-25
8	576	-16
8	577	-14
8	578	-31
8	579	11
8	580	-11
8	581	-2
8	582	6
8	583	-8
8	584	-26
8	585	2
8	586	-24
8	587	-22
8	588	-35
8	589	-7
8	590	-40
8	591	-8
8	592	-52
8	593	-27
8	594	-25
8	595	-7
8	596	-27
8	597	-21
8	598	-34
8	599	5
8	600	-46
8	601	-41
8	602	-23
8	603	-3
8	604	-18
8	605	-46
8	606	-46
8	607	-18
8	608	-36
8	609	-63
8	610	-6
8	611	-43
8	612	-21
8	613	-29
8	614	-25
8	615	13
8	616	-12
8	617	28
8	618	-37
8	619	-11
8	620	-22
8	621	-45
8	622	-36
8	623	-50
8	624	-32
8	625	-25
8	626	-47
8	627	-41
8	628	-24
8	629	-25
8	630	-7
8	631	-35
8	632	-26
8	633	-15
8	634	-19
8	635	-58
8	636	1
8	637	-21
8	638	-14
8	639	-10
8	640	-30
8	641	-48
8	642	-12
8	643	-29
8	644	-33
8	645	-29
8	646	-24
8	647	-12
8	648	-24
8	649	-12
8	650	16
8	651	-37
8	652	-31
8	653	-19
8	654	-12
8	655	-33
8	656	-2
8	657	-12
8	658	-45
8	659	-16
8	660	-27
8	661	7
8	662	15
8	663	-24
8	664	-51
8	665	18
8	666	-7
8	667	-24
8	668	-26
8	669	-50
8	670	-18
8	671	-34
8	672	13
8	673	-39
8	674	-14
8	675	-14
8	676	-5
8	677	2
8	678	-7
8	679	-29
8	680	26
8	681	-5
8	682	-32
8	683	-23
8	684	32
8	685	4
8	686	-16
8	687	18
8	688	-69
8	689	-40
8	690	-10
8	691	-55
8	692	-28
8	693	19
8	694	16
8	695	-27
8	696	-33
8	697	20
8	698	2
8	699	-13
8	700	-18
8	701	-13
8	702	4
8	703	0
8	704	-28
8	705	-3
8	706	-6
8	707	-34
8	708	-27
8	709	-17
8	710	21
8	711	-11
8	712	-25
8	713	13
8	714	-27
8	715	-14
8	716	-17
8	717	-15
8	718	-15
8	719	24
8	720	-6
8	721	-27
8	722	-34
8	723	-46
8	724	-21
8	725	-46
8	726	-7
8	727	-24
8	728	1
8	729	-51
8	730	-2
8	731	-14
8	732	2
8	733	-21
8	734	-52
8	735	-30
8	736	-52
8	737	-8
8	738	-22
8	739	-30
8	740	-27
8	741	-9
8	742	-6
8	743	-6
8	744	-13
8	745	-35
8	746	15
8	747	-2
8	748	-23
8	749	-29
8	750	13
8	751	-48
8	752	-34
8	753	-40
8	754	-18
8	755	-24
8	756	10
8	757	-32
8	758	-41
8	759	-15
8	760	24
8	761	-23
8	762	-39
8	763	-23
8	764	-37
8	765	-8
8	766	-7
8	767	-13
8	768	-62
8	769	22
8	770	-47
8	771	-45
8	772	-30
8	773	-25
8	774	-25
8	775	-31
8	776	-16
8	777	32
8	778	-26
8	779	-23
8	780	-8
8	781	-43
8	782	-14
8	783	24
8	784	-15
8	785	3
8	786	12
8	787	-21
8	788	-37
8	789	-5
8	790	30
8	791	-10
8	792	-8
8	793	-24
8	794	7
8	795	-6
8	796	-40
8	797	-11
8	798	-9
8	799	-9
8	800	-14
8	801	-28
8	802	4
8	803	-31
8	804	-24
8	805	-16
8	806	24
8	807	-50
8	808	-21
8	809	-46
8	810	-35
8	811	20
8	812	-43
8	813	-51
8	814	-17
8	815	-21
8	816	-15
8	817	-20
8	818	-52
8	819	9
8	820	-23
8	821	-19
8	822	-50
8	823	-35
8	824	-7
8	825	-6
8	826	-39
8	827	16
8	828	0
8	829	-11
8	830	-42
8	831	6
8	832	0
8	833	-47
8	834	5
8	835	-22
8	836	-46
8	837	-27
8	838	-25
8	839	-17
8	840	25
8	841	-67
8	842	-21
8	843	-9
8	844	-33
8	845	-8
8	846	-53
8	847	-12
8	848	-53
8	849	-44
8	850	-42
8	851	-10
8	852	-41
8	853	-23
8	854	-39
8	855	-33
8	856	-2
8	857	-17
8	858	-18
8	859	-15
8	860	-35
8	861	16
8	862	-38
8	863	9
8	864	-31
8	865	-4
8	866	-19
8	867	-40
8	868	-3
8	869	-31
8	870	-46
8	871	29
8	872	-9
8	873	-40
8	874	-27
8	875	-5
8	876	3
8	877	-21
8	878	-20
8	879	-3
8	880	-31
8	881	-13
8	882	-4
8	883	-9
8	884	1
8	885	3
8	886	4
8	887	-18
8	888	-45
8	889	-12
8	890	-19
8	891	-18
8	892	-31
8	893	-40
8	894	-42
8	895	5
8	896	-57
8	897	26
8	898	-11
8	899	-45
8	900	-41
8	901	-17
8	902	-5
8	903	-28
8	904	-46
8	905	-5
8	906	-32
8	907	-44
8	908	-21
8	909	19
8	910	-24
8	911	-49
8	912	-31
8	913	-2
8	914	4
8	915	-51
8	916	-26
8	917	2
8	918	-34
8	919	-6
8	920	-10
8	921	2
8	922	-9
8	923	-40
8	924	15
8	925	5
8	926	-27
8	927	22
8	928	-40
8	929	-30
8	930	-21
8	931	-2
8	932	1
8	933	-12
8	934	-5
8	935	0
8	936	-22
8	937	-44
8	938	-5
8	939	-16
8	940	4
8	941	6
8	942	-11
8	943	-26
8	944	29
8	945	18
8	946	-14
8	947	-77
8	948	-33
8	949	0
8	950	8
8	951	0
8	952	-47
8	953	-15
8	954	-26
8	955	-25
8	956	-22
8	957	-15
8	958	-22
8	959	-20
8	960	-20
8	961	-28
8	962	-35
8	963	-18
8	964	-3
8	965	-11
8	966	-10
8	967	-49
8	968	-13
8	969	-44
8	970	-33
8	971	17
8	972	-9
8	973	-9
8	974	-10
8	975	-10
8	976	0
8	977	-24
8	978	-23
8	979	-11
8	980	-55
8	981	-4
8	982	-3
8	983	-25
8	984	-10
8	985	-34
8	986	-46
8	987	5
8	988	-50
8	989	-12
8	990	-1
8	991	-25
8	992	-11
8	993	13
8	994	-22
8	995	3
8	996	-24
8	997	-3
8	998	-37
8	999	-40
8	1000	-10
8	1001	10
8	1002	-15
8	1003	7
8	1004	31
8	1005	-10
8	1006	-26
8	1007	6
8	1008	-13
8	1009	-18
8	1010	-49
8	1011	-32
8	1012	-41
8	1013	-12
8	1014	-73
8	1015	-19
8	1016	-26
8	1017	-18
8	1018	-7
8	1019	-6
8	1020	-62
8	1021	-6
8	1022	-29
8	1023	-16
