Calibration values from cell 0 to 1024 for channel 0:

26	-13	61	24	70	-9	45	-42	cell = 0 to 7
6	-17	17	21	21	-14	42	-6	cell = 8 to 15
76	-37	-1	-17	29	32	32	33	cell = 16 to 23
31	-27	46	-40	71	8	23	15	cell = 24 to 31
50	1	63	11	70	-1	51	-7	cell = 32 to 39
26	56	9	-5	21	-65	20	-34	cell = 40 to 47
68	-7	31	-29	33	-7	54	-9	cell = 48 to 55
52	-10	44	-27	57	-10	10	-29	cell = 56 to 63
80	-23	38	-38	50	-29	53	1	cell = 64 to 71
68	1	73	-19	42	-49	64	-35	cell = 72 to 79
39	-13	58	-8	13	-45	48	-5	cell = 80 to 87
54	5	15	-40	49	-9	30	8	cell = 88 to 95
62	-36	43	15	72	11	20	-24	cell = 96 to 103
98	2	59	-23	-8	-36	39	18	cell = 104 to 111
46	-30	62	22	38	37	19	-46	cell = 112 to 119
55	16	39	-17	26	-17	-7	-53	cell = 120 to 127
101	37	48	-19	62	-43	96	-9	cell = 128 to 135
34	-11	53	2	48	-15	25	-10	cell = 136 to 143
28	-2	66	10	30	-12	34	30	cell = 144 to 151
56	-7	42	-24	44	26	38	-30	cell = 152 to 159
78	45	42	2	36	6	29	15	cell = 160 to 167
92	-15	44	-12	56	16	24	4	cell = 168 to 175
39	-8	42	-58	19	-46	37	-22	cell = 176 to 183
43	-37	16	-2	54	-17	74	24	cell = 184 to 191
5	20	27	33	14	-15	32	-23	cell = 192 to 199
29	-49	40	8	27	7	75	9	cell = 200 to 207
30	-21	58	35	24	-2	38	17	cell = 208 to 215
64	-22	38	37	34	29	25	-34	cell = 216 to 223
32	-23	43	0	71	-46	4	10	cell = 224 to 231
73	-4	48	-30	47	-14	20	-35	cell = 232 to 239
30	-33	74	-22	21	11	48	-3	cell = 240 to 247
5	-20	19	-21	65	-23	48	18	cell = 248 to 255
24	-12	9	-3	19	16	37	54	cell = 256 to 263
40	-22	34	-12	41	-6	70	5	cell = 264 to 271
39	19	90	-3	23	-5	35	-21	cell = 272 to 279
18	4	3	-11	89	45	67	-7	cell = 280 to 287
55	30	84	-9	38	19	47	20	cell = 288 to 295
17	6	17	-9	29	-10	6	-10	cell = 296 to 303
88	-25	35	-5	45	28	81	19	cell = 304 to 311
59	2	29	-46	77	-10	34	-10	cell = 312 to 319
52	-34	37	7	36	-42	35	-20	cell = 320 to 327
43	-24	26	11	45	-24	49	-5	cell = 328 to 335
37	-2	44	15	91	1	50	-11	cell = 336 to 343
45	-10	35	28	106	-44	51	-25	cell = 344 to 351
33	-17	48	9	30	12	57	8	cell = 352 to 359
59	15	43	23	57	22	29	8	cell = 360 to 367
31	4	58	-21	44	-21	50	-35	cell = 368 to 375
79	-9	30	16	43	13	62	-25	cell = 376 to 383
65	15	6	8	66	-28	48	-3	cell = 384 to 391
55	-19	6	-9	48	25	53	-24	cell = 392 to 399
36	3	43	0	67	-30	57	9	cell = 400 to 407
40	10	42	-14	33	-2	26	16	cell = 408 to 415
51	-9	30	-19	88	-49	20	10	cell = 416 to 423
24	16	39	14	88	-9	39	12	cell = 424 to 431
64	-18	48	-1	36	3	68	-2	cell = 432 to 439
64	23	23	17	47	-20	27	4	cell = 440 to 447
34	-25	45	1	36	-7	26	-10	cell = 448 to 455
29	6	18	-4	49	-6	13	22	cell = 456 to 463
32	7	100	-26	54	-6	55	-18	cell = 464 to 471
22	21	16	-33	30	-9	23	-40	cell = 472 to 479
60	-9	27	31	52	23	45	-6	cell = 480 to 487
46	18	56	5	16	-6	68	11	cell = 488 to 495
49	2	-31	-51	-33	-57	-12	-80	cell = 496 to 503
17	-33	41	-15	19	-17	42	-16	cell = 504 to 511
-27	26	-21	-17	-28	4	1	7	cell = 512 to 519
-9	-50	-18	-58	-43	4	-21	-30	cell = 520 to 527
-26	-40	-8	-28	-37	-53	-47	-18	cell = 528 to 535
4	-44	1	-5	-19	-21	-28	-49	cell = 536 to 543
18	-25	-33	-11	13	-23	-22	-38	cell = 544 to 551
-32	-15	-36	0	-19	-27	4	-39	cell = 552 to 559
-42	-7	-21	-39	-19	-30	-21	-28	cell = 560 to 567
7	-24	-11	-38	-13	-12	-25	-24	cell = 568 to 575
14	-6	-3	-53	-10	-43	-12	-39	cell = 576 to 583
-12	-42	15	-27	-30	9	-15	-28	cell = 584 to 591
-30	-19	-7	-23	-22	-30	10	-7	cell = 592 to 599
-15	4	-30	-12	20	2	-17	-25	cell = 600 to 607
-6	-23	-46	-3	-16	-38	-12	-25	cell = 608 to 615
-42	4	5	-25	-43	-16	-28	-38	cell = 616 to 623
-28	-45	-34	-8	3	5	-47	25	cell = 624 to 631
-10	-25	11	7	-29	-8	-2	22	cell = 632 to 639
-50	-17	-34	-21	-18	-4	-56	-5	cell = 640 to 647
9	-27	1	-12	-5	-15	-38	-11	cell = 648 to 655
6	28	-23	-1	-29	-26	-37	-8	cell = 656 to 663
-16	-14	-25	-29	-32	11	-56	-6	cell = 664 to 671
-12	-12	-49	-14	-41	1	-34	-16	cell = 672 to 679
-38	-9	41	-36	-1	2	7	-33	cell = 680 to 687
-23	-3	-34	12	-32	8	-21	-40	cell = 688 to 695
-5	-33	-22	2	-13	-29	0	-8	cell = 696 to 703
9	-2	-39	-26	1	-32	-34	-14	cell = 704 to 711
-25	-11	26	-5	0	-39	2	-39	cell = 712 to 719
5	17	-39	-43	-26	16	-53	-22	cell = 720 to 727
-60	-12	-8	-15	-19	-15	-13	-13	cell = 728 to 735
-37	-20	-12	-10	25	-16	-42	2	cell = 736 to 743
-15	-40	-12	0	-16	-9	12	24	cell = 744 to 751
-27	-23	-22	7	-17	-31	-18	17	cell = 752 to 759
-32	-53	-22	27	20	-40	7	-70	cell = 760 to 767
-11	-19	16	-29	-31	-12	4	-12	cell = 768 to 775
-11	-16	-11	-19	11	-39	-8	-11	cell = 776 to 783
4	4	-49	-30	-20	-11	-34	-14	cell = 784 to 791
-9	-15	7	2	-47	-49	-21	-47	cell = 792 to 799
-26	-25	2	-12	-47	-2	-3	-6	cell = 800 to 807
-4	-7	2	-7	2	-36	-17	-54	cell = 808 to 815
20	-17	-16	-39	-19	7	-41	-36	cell = 816 to 823
-40	-19	-38	-24	-47	8	14	-15	cell = 824 to 831
-8	-41	-13	-39	-54	-8	-20	-16	cell = 832 to 839
-8	-11	-26	-20	-54	-3	-5	29	cell = 840 to 847
-38	-4	-8	-38	-30	-32	11	12	cell = 848 to 855
-2	-29	-9	-26	-29	-15	17	-20	cell = 856 to 863
-30	-30	-23	-40	14	-8	-19	-25	cell = 864 to 871
-5	-21	-27	-4	-10	-23	-20	-51	cell = 872 to 879
-23	-43	-38	-9	-40	-14	-20	-9	cell = 880 to 887
-30	-51	23	-67	-64	-10	-7	-20	cell = 888 to 895
-29	-20	-13	-3	-22	-13	-51	-5	cell = 896 to 903
-73	-44	-6	11	-4	-34	14	-5	cell = 904 to 911
-11	-28	-31	-7	-48	-8	-37	-16	cell = 912 to 919
-16	-8	-20	-21	-24	-57	7	-16	cell = 920 to 927
-9	-32	27	-32	0	-12	-37	19	cell = 928 to 935
-42	5	-35	21	3	-27	-13	-39	cell = 936 to 943
-24	-26	7	-36	-33	-17	-41	-52	cell = 944 to 951
0	6	0	2	-29	-28	-9	-36	cell = 952 to 959
-63	-27	30	7	-35	-6	-33	-32	cell = 960 to 967
-59	-17	-12	-22	-27	3	-45	-15	cell = 968 to 975
-23	-21	4	-43	-53	-23	3	-36	cell = 976 to 983
-9	-23	-9	-27	-6	-23	-15	25	cell = 984 to 991
-11	-36	-36	-33	1	-19	-19	-1	cell = 992 to 999
-33	-15	-46	6	-29	6	-4	-1	cell = 1000 to 1007
-33	17	-52	-41	-54	-12	-10	-21	cell = 1008 to 1015
-10	-28	-21	-37	-26	-7	-14	-29	cell = 1016 to 1023
Calibration values from cell 0 to 1024 for channel 1:

46	-34	33	-38	34	-7	32	-20	cell = 0 to 7
54	11	39	37	57	-8	47	40	cell = 8 to 15
18	-45	73	14	29	-41	73	21	cell = 16 to 23
24	13	7	-13	43	-12	74	-15	cell = 24 to 31
59	-58	45	3	44	2	33	-44	cell = 32 to 39
57	31	53	16	73	-25	51	-8	cell = 40 to 47
28	3	38	-25	14	16	30	23	cell = 48 to 55
42	3	55	13	54	-12	66	-16	cell = 56 to 63
32	24	-7	-35	33	-36	20	-25	cell = 64 to 71
35	-12	44	1	61	-39	53	0	cell = 72 to 79
32	-14	36	-29	-9	8	46	2	cell = 80 to 87
37	-12	57	-2	72	-21	23	-4	cell = 88 to 95
50	-25	35	7	46	11	77	38	cell = 96 to 103
30	-9	21	-21	82	-23	39	-10	cell = 104 to 111
61	35	57	-14	43	1	64	-26	cell = 112 to 119
54	18	78	-19	73	-23	75	-56	cell = 120 to 127
54	-19	67	13	48	-4	20	-13	cell = 128 to 135
70	-10	61	15	61	6	55	-10	cell = 136 to 143
59	-44	54	8	40	13	28	0	cell = 144 to 151
78	13	40	-15	60	-35	48	-35	cell = 152 to 159
54	14	41	19	32	-14	1	-10	cell = 160 to 167
17	7	-5	-26	13	2	24	-14	cell = 168 to 175
68	-19	99	-6	33	38	48	8	cell = 176 to 183
59	-13	56	-7	31	-22	55	1	cell = 184 to 191
25	-6	52	4	75	-16	35	31	cell = 192 to 199
24	0	-5	-24	41	-10	12	-14	cell = 200 to 207
44	-51	22	-38	-13	-25	32	-23	cell = 208 to 215
35	-8	49	13	52	4	41	-6	cell = 216 to 223
43	15	49	-18	69	-5	19	-20	cell = 224 to 231
37	18	30	19	50	20	36	-8	cell = 232 to 239
19	-34	19	-10	71	-22	27	-9	cell = 240 to 247
76	-42	42	17	36	-21	51	0	cell = 248 to 255
43	-22	42	0	64	-26	17	-27	cell = 256 to 263
35	-31	-18	2	43	-49	56	21	cell = 264 to 271
63	21	49	-22	42	-9	13	17	cell = 272 to 279
39	8	40	-16	51	32	63	-23	cell = 280 to 287
49	-24	40	-6	24	-37	22	-11	cell = 288 to 295
53	-11	37	-12	35	6	28	-20	cell = 296 to 303
99	18	53	5	31	-18	2	-22	cell = 304 to 311
67	-13	48	-14	54	-27	8	-22	cell = 312 to 319
56	21	51	10	52	-5	51	-45	cell = 320 to 327
35	29	44	-24	54	-18	60	-12	cell = 328 to 335
25	-22	77	11	29	-29	47	2	cell = 336 to 343
69	-45	81	-26	49	25	75	-20	cell = 344 to 351
64	-28	47	-29	69	0	86	-16	cell = 352 to 359
72	-11	37	-16	60	-3	31	-6	cell = 360 to 367
77	-32	75	-13	36	-12	47	0	cell = 368 to 375
34	14	16	3	15	20	25	-32	cell = 376 to 383
20	-41	48	13	29	-25	55	-40	cell = 384 to 391
60	2	25	-9	39	-9	16	-4	cell = 392 to 399
51	-23	17	-11	34	-49	58	22	cell = 400 to 407
29	24	44	13	30	-25	38	35	cell = 408 to 415
63	-22	39	-5	22	17	40	-12	cell = 416 to 423
70	-11	28	0	48	12	87	-8	cell = 424 to 431
0	-4	30	13	38	2	63	5	cell = 432 to 439
22	-21	45	-26	7	-12	9	7	cell = 440 to 447
58	-10	10	34	63	1	47	-26	cell = 448 to 455
62	-4	70	-19	61	7	55	-16	cell = 456 to 463
46	-41	24	-4	-3	2	57	7	cell = 464 to 471
40	-8	71	35	16	-12	49	6	cell = 472 to 479
29	-35	62	28	37	-13	43	33	cell = 480 to 487
14	-23	25	-6	50	32	39	16	cell = 488 to 495
94	18	-37	-52	17	-78	-11	-83	cell = 496 to 503
57	-4	54	-21	71	11	56	-5	cell = 504 to 511
-34	-3	12	0	-17	-29	-66	-5	cell = 512 to 519
-56	-2	-25	-14	-20	-26	14	-22	cell = 520 to 527
-37	-41	12	6	-19	-20	-19	-18	cell = 528 to 535
-25	32	-16	-11	-52	-8	0	35	cell = 536 to 543
-21	-30	-48	-42	-8	-9	-19	-16	cell = 544 to 551
-34	24	-15	-12	20	24	-19	-10	cell = 552 to 559
14	-5	-26	-17	-37	9	8	-36	cell = 560 to 567
-60	-47	-16	-43	-33	-7	-20	-29	cell = 568 to 575
-46	-20	-52	-16	-21	-24	-26	-14	cell = 576 to 583
16	-24	11	7	-12	-12	-44	20	cell = 584 to 591
-25	-38	-5	2	-20	18	0	-16	cell = 592 to 599
-20	-9	20	-3	-30	-7	1	-13	cell = 600 to 607
1	-2	-21	-47	-23	-11	-20	-7	cell = 608 to 615
-38	-25	26	-25	-15	-22	-27	-1	cell = 616 to 623
-40	-19	-23	-16	4	5	-35	-24	cell = 624 to 631
7	-6	-12	-4	-14	-32	-3	-33	cell = 632 to 639
-6	-12	-13	-43	-31	-7	-4	5	cell = 640 to 647
-2	-15	0	-25	-15	-55	-12	-16	cell = 648 to 655
15	-31	-8	-50	-10	-58	-15	-7	cell = 656 to 663
-71	-34	6	-32	-31	-12	7	-26	cell = 664 to 671
-34	-32	-14	-28	-2	-26	-17	-22	cell = 672 to 679
-3	-8	-72	-12	-8	-31	27	-64	cell = 680 to 687
-25	-11	-15	-57	-13	-35	-56	-33	cell = 688 to 695
15	-25	-1	-27	-11	-29	-13	-10	cell = 696 to 703
-40	7	-18	-28	-20	-11	-34	-29	cell = 704 to 711
-39	-49	-50	-16	16	-13	-10	-28	cell = 712 to 719
-25	-5	-8	-36	-38	-49	-6	-18	cell = 720 to 727
4	16	-5	-16	-18	-33	-15	-33	cell = 728 to 735
-28	-3	-19	-31	-43	-12	-4	-7	cell = 736 to 743
-49	-4	-25	-19	-10	-8	-23	6	cell = 744 to 751
-23	-22	7	10	-61	11	13	-43	cell = 752 to 759
-17	6	-9	-59	-18	-22	-31	-18	cell = 760 to 767
-61	-50	-21	-24	17	-12	-29	-16	cell = 768 to 775
-20	15	-28	-24	-29	6	0	-14	cell = 776 to 783
-32	-15	22	-9	9	-35	-32	3	cell = 784 to 791
-11	-7	-19	16	-45	-28	-52	0	cell = 792 to 799
5	17	-44	-32	-39	8	-24	-16	cell = 800 to 807
-27	-4	-66	-27	-33	-38	-3	-27	cell = 808 to 815
-4	-12	-13	-14	-26	-28	9	-28	cell = 816 to 823
1	-12	1	-31	2	-21	-20	-38	cell = 824 to 831
-11	-7	4	-5	-33	-33	-29	-23	cell = 832 to 839
-36	-29	-8	-47	-29	-24	-56	-14	cell = 840 to 847
-34	-36	-15	-14	12	-10	-13	-25	cell = 848 to 855
-38	-46	8	-39	5	-29	-34	-15	cell = 856 to 863
-44	-34	-4	-60	-39	-45	-9	-3	cell = 864 to 871
-24	-7	-53	-3	-57	7	5	6	cell = 872 to 879
-26	3	11	-15	-34	-8	-3	-22	cell = 880 to 887
-68	-13	-44	-33	16	8	10	1	cell = 888 to 895
2	3	-28	-34	-28	-12	-46	3	cell = 896 to 903
-34	0	-31	12	4	-5	-11	-48	cell = 904 to 911
-48	20	-31	-25	-25	7	-2	-21	cell = 912 to 919
-48	27	-27	18	-37	-29	11	-35	cell = 920 to 927
-43	-55	2	-20	-25	-24	-9	-4	cell = 928 to 935
0	23	-11	-50	-13	23	-27	-1	cell = 936 to 943
-31	-44	15	-3	-21	-14	-21	-26	cell = 944 to 951
-15	-13	-38	-24	-41	-15	8	-29	cell = 952 to 959
-51	-10	-41	10	-45	-38	-41	-38	cell = 960 to 967
-21	-23	-19	-54	-13	17	-14	-15	cell = 968 to 975
-19	-51	-23	-22	5	-3	-11	-27	cell = 976 to 983
-13	-10	0	-22	-45	-19	-6	-27	cell = 984 to 991
-10	-11	-8	-44	-18	-39	-51	-9	cell = 992 to 999
-48	3	-22	-30	0	-22	-1	7	cell = 1000 to 1007
-35	-12	-11	-46	-44	-2	-2	-31	cell = 1008 to 1015
37	-37	23	40	-27	20	31	-12	cell = 1016 to 1023
Calibration values from cell 0 to 1024 for channel 2:

45	-4	64	12	42	-5	41	-23	cell = 0 to 7
38	-47	30	-8	17	-36	37	45	cell = 8 to 15
61	-20	0	0	41	9	36	12	cell = 16 to 23
55	17	42	-3	88	1	46	8	cell = 24 to 31
39	-13	77	-27	72	-2	29	-8	cell = 32 to 39
81	-49	38	-2	32	-1	47	-15	cell = 40 to 47
70	-7	37	34	29	-5	50	-6	cell = 48 to 55
32	-18	49	-28	45	19	33	-59	cell = 56 to 63
57	-25	26	12	19	1	3	-16	cell = 64 to 71
59	-6	80	-55	57	-30	90	4	cell = 72 to 79
83	23	15	-12	44	-1	43	-10	cell = 80 to 87
42	2	61	-42	57	-9	41	9	cell = 88 to 95
11	-21	43	-15	66	-7	8	0	cell = 96 to 103
58	8	65	-2	22	0	26	19	cell = 104 to 111
36	-44	60	-27	21	14	12	1	cell = 112 to 119
59	30	77	-19	73	-34	63	-28	cell = 120 to 127
39	6	42	-32	14	-46	84	26	cell = 128 to 135
39	-25	38	10	13	-41	44	7	cell = 136 to 143
62	-8	43	5	52	-12	28	-15	cell = 144 to 151
60	-16	27	13	74	-16	46	15	cell = 152 to 159
76	-11	48	25	19	-14	33	18	cell = 160 to 167
26	11	28	-16	45	-31	22	-5	cell = 168 to 175
59	-28	21	-23	26	-33	57	22	cell = 176 to 183
70	11	59	18	48	-9	65	-26	cell = 184 to 191
36	26	15	41	70	-17	65	-13	cell = 192 to 199
55	5	32	17	6	-7	25	14	cell = 200 to 207
84	13	69	21	60	33	34	55	cell = 208 to 215
46	-21	62	17	50	2	33	-8	cell = 216 to 223
44	-10	64	0	62	-13	58	5	cell = 224 to 231
44	15	55	42	69	-15	41	17	cell = 232 to 239
62	-11	32	16	44	-14	97	-19	cell = 240 to 247
27	-7	49	-7	65	16	24	-24	cell = 248 to 255
7	9	56	-37	20	-51	60	-13	cell = 256 to 263
27	-46	59	-25	7	-35	72	-18	cell = 264 to 271
40	-21	60	8	14	20	49	-38	cell = 272 to 279
44	2	66	24	14	15	28	-3	cell = 280 to 287
56	17	32	-1	57	-8	36	8	cell = 288 to 295
80	-23	21	-29	9	-18	34	-3	cell = 296 to 303
36	-4	54	-47	22	-48	44	-9	cell = 304 to 311
7	4	42	1	65	-1	63	-18	cell = 312 to 319
37	-15	19	7	42	-24	41	9	cell = 320 to 327
51	36	34	-16	81	-2	23	4	cell = 328 to 335
76	-53	13	3	50	-36	65	15	cell = 336 to 343
41	21	45	-35	59	1	7	17	cell = 344 to 351
43	17	3	-46	32	7	20	-12	cell = 352 to 359
20	-16	26	-5	54	-15	73	-21	cell = 360 to 367
64	-22	29	-25	51	21	41	-50	cell = 368 to 375
87	-8	17	10	50	-19	27	-9	cell = 376 to 383
48	-13	99	-25	56	-15	67	-19	cell = 384 to 391
13	-13	57	-35	7	-20	65	-14	cell = 392 to 399
39	-22	52	9	26	-46	77	8	cell = 400 to 407
60	-29	40	14	58	-12	24	-47	cell = 408 to 415
43	-2	53	-31	13	-22	42	8	cell = 416 to 423
42	-8	64	-18	41	50	76	-28	cell = 424 to 431
47	10	38	-21	60	20	45	32	cell = 432 to 439
71	-19	20	-32	49	-15	9	-29	cell = 440 to 447
48	14	51	-17	26	-28	65	-46	cell = 448 to 455
45	13	80	36	40	-12	30	-9	cell = 456 to 463
24	-41	82	-21	32	-52	36	2	cell = 464 to 471
49	9	11	13	69	-34	30	-70	cell = 472 to 479
64	-56	25	25	67	-29	10	-16	cell = 480 to 487
32	15	70	-6	70	42	71	29	cell = 488 to 495
58	-4	-24	-99	-19	-74	-15	-108	cell = 496 to 503
30	0	25	12	96	6	71	9	cell = 504 to 511
-24	0	-28	-33	-31	-39	-11	-37	cell = 512 to 519
-14	-4	-29	-43	2	-43	-40	-30	cell = 520 to 527
-16	-1	-10	31	-30	-12	8	-49	cell = 528 to 535
-54	-26	-24	-54	-2	-10	-30	-10	cell = 536 to 543
-31	26	-7	3	31	0	16	-13	cell = 544 to 551
-16	19	-4	-11	-26	-58	-25	-18	cell = 552 to 559
-18	4	2	-25	-26	-11	2	-32	cell = 560 to 567
-21	-18	11	-13	-25	8	22	22	cell = 568 to 575
-27	-16	-17	-8	-73	-40	-23	-26	cell = 576 to 583
3	-50	-22	-4	-1	-47	-16	0	cell = 584 to 591
-40	-40	31	-32	9	-11	-6	2	cell = 592 to 599
-48	-39	-22	-58	-83	17	16	5	cell = 600 to 607
-25	-20	-33	-26	11	-36	-44	-27	cell = 608 to 615
-11	9	8	0	-11	6	-11	5	cell = 616 to 623
13	3	-10	0	-55	-31	-28	0	cell = 624 to 631
-48	-16	-38	-29	-34	-22	-2	-27	cell = 632 to 639
-20	-20	-28	4	-34	-17	3	-15	cell = 640 to 647
-15	-50	-20	-12	-25	-29	-18	-22	cell = 648 to 655
5	2	-13	1	-20	-19	-11	-4	cell = 656 to 663
2	-6	-38	-5	-18	-8	-30	-40	cell = 664 to 671
-10	-30	-33	-24	-32	1	9	21	cell = 672 to 679
-10	-55	-24	-28	-29	10	-17	-34	cell = 680 to 687
-27	-32	0	-37	-30	-15	-22	-9	cell = 688 to 695
14	-65	-13	-6	-2	-10	1	-7	cell = 696 to 703
-26	8	-32	-42	-10	32	-10	-32	cell = 704 to 711
-5	-22	-17	-5	-29	-19	-28	-34	cell = 712 to 719
-15	4	-11	-24	-51	-6	-25	-36	cell = 720 to 727
16	-34	-17	-12	-31	-30	-20	-5	cell = 728 to 735
-21	-20	7	-11	-30	-18	-23	-42	cell = 736 to 743
-22	-11	-7	-33	-23	-47	19	-45	cell = 744 to 751
-21	-22	-68	-29	0	-15	-27	10	cell = 752 to 759
24	-36	-33	-14	15	-1	5	-12	cell = 760 to 767
-28	-30	-14	-7	2	-41	-13	-11	cell = 768 to 775
-40	-9	-9	2	-11	-30	-49	-29	cell = 776 to 783
4	-46	-28	-28	-36	1	-8	-41	cell = 784 to 791
-24	15	-23	-2	-21	-4	-48	-22	cell = 792 to 799
-27	-42	-27	-21	-7	8	-9	-3	cell = 800 to 807
-27	-21	22	-25	-4	-7	-8	-13	cell = 808 to 815
-15	-37	-7	-14	-21	-29	-49	-32	cell = 816 to 823
-28	6	-41	8	-24	15	-12	-62	cell = 824 to 831
-26	-45	-31	-8	-43	-11	-21	3	cell = 832 to 839
-50	4	21	-2	-31	-44	-41	1	cell = 840 to 847
-47	-19	-15	-17	45	13	-18	-53	cell = 848 to 855
-14	-2	8	-13	-1	-27	5	-46	cell = 856 to 863
5	-37	-33	-5	4	32	-6	-9	cell = 864 to 871
-12	19	4	-33	0	-32	8	-53	cell = 872 to 879
-20	-11	-26	-39	-27	-6	-20	3	cell = 880 to 887
10	-18	-10	-13	-17	-25	24	19	cell = 888 to 895
-54	-54	5	-48	-66	-43	-54	-46	cell = 896 to 903
3	6	-25	-20	-48	-47	0	-5	cell = 904 to 911
-10	-13	-17	28	0	4	-21	-46	cell = 912 to 919
-15	-18	-20	-13	-2	-62	9	-32	cell = 920 to 927
-43	-37	-38	-31	-35	-40	-37	-20	cell = 928 to 935
0	7	-2	-22	-15	19	-32	-30	cell = 936 to 943
-28	-19	-23	-28	-25	-23	-47	18	cell = 944 to 951
-6	-32	-57	-27	-44	-25	-47	3	cell = 952 to 959
-22	-22	-28	-5	-18	-37	-5	-37	cell = 960 to 967
-18	26	-62	-56	-31	-9	-6	15	cell = 968 to 975
-10	-20	-32	-7	-1	-50	6	-40	cell = 976 to 983
-30	-37	-42	-25	24	-10	-38	-6	cell = 984 to 991
-17	-49	-42	14	-34	7	-31	-15	cell = 992 to 999
-3	-5	-20	-84	-37	-18	-15	-2	cell = 1000 to 1007
-26	-29	-56	-52	-70	-19	-29	13	cell = 1008 to 1015
-18	-40	-10	0	-9	10	-52	-42	cell = 1016 to 1023
Calibration values from cell 0 to 1024 for channel 3:

22	-42	84	-30	45	-13	31	-29	cell = 0 to 7
42	-10	37	-34	44	-5	58	-40	cell = 8 to 15
76	16	37	-35	57	-41	73	-20	cell = 16 to 23
12	-7	48	16	44	-8	48	-54	cell = 24 to 31
36	-42	40	-14	58	-19	28	0	cell = 32 to 39
75	-9	32	25	18	-38	69	-55	cell = 40 to 47
24	-16	-14	-31	35	-10	75	-31	cell = 48 to 55
44	-13	44	6	51	-53	37	-24	cell = 56 to 63
49	-4	43	-16	29	14	38	28	cell = 64 to 71
74	-26	75	7	21	-7	42	12	cell = 72 to 79
50	-32	38	-19	41	-30	10	-35	cell = 80 to 87
58	4	56	3	47	17	18	13	cell = 88 to 95
42	17	86	-60	48	9	49	1	cell = 96 to 103
11	-10	41	18	62	-22	27	-31	cell = 104 to 111
28	-11	26	-46	47	-10	24	27	cell = 112 to 119
55	-15	52	-50	34	15	28	2	cell = 120 to 127
60	23	9	-18	71	-19	23	-14	cell = 128 to 135
45	-57	65	2	41	28	64	3	cell = 136 to 143
47	20	34	-13	47	-42	32	12	cell = 144 to 151
57	15	46	15	47	9	78	-7	cell = 152 to 159
84	8	37	-15	62	8	15	-11	cell = 160 to 167
32	-13	20	-23	66	-20	59	9	cell = 168 to 175
70	-40	12	-16	44	-10	51	-16	cell = 176 to 183
36	-23	55	-8	51	-30	44	-12	cell = 184 to 191
32	-39	24	-24	41	-2	14	7	cell = 192 to 199
62	-14	12	9	79	-14	46	-16	cell = 200 to 207
42	20	39	-3	50	-19	48	-46	cell = 208 to 215
62	-5	67	-26	36	-46	7	15	cell = 216 to 223
58	-41	38	9	54	53	36	40	cell = 224 to 231
66	-10	53	-39	40	-37	30	-31	cell = 232 to 239
68	10	46	24	54	-13	35	0	cell = 240 to 247
60	-31	64	-8	27	-5	20	-10	cell = 248 to 255
38	-27	48	5	52	-42	51	-8	cell = 256 to 263
13	-4	33	-21	43	-34	40	1	cell = 264 to 271
35	0	48	-43	56	20	21	12	cell = 272 to 279
68	29	46	4	21	-14	24	-44	cell = 280 to 287
19	14	26	-14	39	-36	95	-4	cell = 288 to 295
80	20	29	-3	20	-30	96	-2	cell = 296 to 303
64	-9	21	3	66	-12	57	55	cell = 304 to 311
33	0	31	-27	21	-39	50	-46	cell = 312 to 319
35	9	56	-11	17	-33	61	-24	cell = 320 to 327
20	-40	29	14	37	-21	28	0	cell = 328 to 335
10	-29	55	32	4	14	58	10	cell = 336 to 343
34	-5	23	23	67	-33	46	-1	cell = 344 to 351
17	-34	29	-19	46	-31	57	-2	cell = 352 to 359
45	-34	32	6	41	9	41	-10	cell = 360 to 367
48	5	40	-8	61	-38	67	0	cell = 368 to 375
50	6	66	12	30	-24	36	-29	cell = 376 to 383
47	16	14	-12	36	9	87	-37	cell = 384 to 391
64	-23	66	-11	54	0	84	-11	cell = 392 to 399
85	-26	21	-23	40	-15	42	-2	cell = 400 to 407
28	-8	28	0	70	-32	30	6	cell = 408 to 415
25	-50	54	24	58	34	26	3	cell = 416 to 423
47	30	90	8	51	34	32	-18	cell = 424 to 431
11	13	6	-34	33	-18	46	-36	cell = 432 to 439
70	8	9	12	26	13	53	-24	cell = 440 to 447
94	-26	39	-9	7	-6	43	-17	cell = 448 to 455
50	-13	50	-29	73	-16	15	-22	cell = 456 to 463
75	54	52	2	91	-62	39	1	cell = 464 to 471
31	-16	24	11	59	28	16	-17	cell = 472 to 479
61	-13	20	-15	37	14	51	-6	cell = 480 to 487
0	22	49	-21	57	17	28	11	cell = 488 to 495
57	-7	4	-60	13	-71	-17	-69	cell = 496 to 503
62	-1	91	20	82	-40	50	-61	cell = 504 to 511
-36	-24	-7	-44	-17	1	-18	-31	cell = 512 to 519
15	9	-56	-8	-27	19	-18	7	cell = 520 to 527
-20	11	-41	14	3	18	-28	2	cell = 528 to 535
-17	-44	-35	-30	-16	-5	-10	-35	cell = 536 to 543
-35	-4	-59	2	20	-68	-30	15	cell = 544 to 551
24	-22	0	-22	-32	-31	3	26	cell = 552 to 559
0	-88	-6	-19	8	-9	-1	-43	cell = 560 to 567
-28	-6	17	-49	3	24	2	10	cell = 568 to 575
6	3	-5	-28	-18	40	-8	-23	cell = 576 to 583
-7	-38	-22	0	-2	-33	-57	-27	cell = 584 to 591
-29	-74	1	20	-26	15	-3	-24	cell = 592 to 599
-10	-40	17	-2	-28	-37	4	-8	cell = 600 to 607
-16	-2	5	-47	-49	-7	-7	-15	cell = 608 to 615
-4	16	-14	-48	-12	-11	8	4	cell = 616 to 623
0	12	-8	-3	-14	-11	-20	18	cell = 624 to 631
-19	-17	-30	11	-56	20	-6	-10	cell = 632 to 639
-25	-15	-43	-30	-13	19	-49	-21	cell = 640 to 647
-17	-23	0	40	-11	-18	-26	-17	cell = 648 to 655
-24	-16	-53	9	-37	-12	12	19	cell = 656 to 663
-79	-18	-31	-31	-51	-2	-16	21	cell = 664 to 671
-12	-18	-20	-34	-20	-14	-57	-6	cell = 672 to 679
10	-1	8	11	2	-55	1	-20	cell = 680 to 687
-21	-33	-12	3	-12	-34	-74	9	cell = 688 to 695
-1	-39	-24	-41	-2	-43	22	-48	cell = 696 to 703
-37	-37	-44	23	-2	13	-19	-22	cell = 704 to 711
-13	-26	-4	-4	-22	-10	-34	-16	cell = 712 to 719
-6	-6	-33	-22	-17	-1	-12	-16	cell = 720 to 727
-33	0	-32	-16	7	-11	-24	7	cell = 728 to 735
-29	-36	-5	-69	7	-9	11	-56	cell = 736 to 743
-36	-15	26	3	29	4	-19	-28	cell = 744 to 751
-54	-20	-2	-34	-41	21	-24	-23	cell = 752 to 759
-8	-52	-30	-18	-74	-13	-12	-28	cell = 760 to 767
-86	-56	12	-35	-18	-40	6	-67	cell = 768 to 775
-11	-9	-6	-50	-11	9	-30	-22	cell = 776 to 783
5	8	1	-43	-5	14	6	-7	cell = 784 to 791
-56	15	35	-53	-5	-33	27	-48	cell = 792 to 799
-18	-36	-16	-23	-35	-13	-22	-9	cell = 800 to 807
-3	-30	-37	-45	-21	-58	5	-41	cell = 808 to 815
3	-34	-3	-38	14	-44	4	-31	cell = 816 to 823
-56	-25	-23	-25	-6	-42	-2	-2	cell = 824 to 831
-50	-13	-10	-68	-43	-49	-11	-6	cell = 832 to 839
-38	-43	0	0	-7	0	-52	-28	cell = 840 to 847
-23	-29	7	27	-56	-9	-42	-68	cell = 848 to 855
-18	-30	-25	7	-14	-3	-36	18	cell = 856 to 863
-40	-10	-10	-39	-23	-10	-34	12	cell = 864 to 871
12	-31	-29	9	-32	-49	11	0	cell = 872 to 879
-14	-36	6	-26	-30	0	10	19	cell = 880 to 887
-20	-2	-29	-19	-21	-4	-23	-22	cell = 888 to 895
-33	-33	-29	-23	-51	-39	4	-5	cell = 896 to 903
-6	-45	10	-19	-3	-14	-40	-16	cell = 904 to 911
-17	-10	-9	-16	-48	-8	-22	-32	cell = 912 to 919
-28	-14	-23	-16	-20	6	-13	-28	cell = 920 to 927
-26	-9	8	-14	-21	-19	-40	-22	cell = 928 to 935
-10	-13	-18	-22	-16	-19	23	-64	cell = 936 to 943
-8	13	-7	-32	-4	-12	19	-29	cell = 944 to 951
-27	-15	-20	-25	-53	8	-22	2	cell = 952 to 959
2	-18	0	-38	0	-23	-42	-15	cell = 960 to 967
-32	-15	19	-9	-12	-17	3	-11	cell = 968 to 975
-32	15	15	12	-12	-40	-5	-47	cell = 976 to 983
-10	-17	-35	-14	-29	-35	-45	1	cell = 984 to 991
-3	-11	-2	-12	-13	-19	-14	-22	cell = 992 to 999
-38	-36	6	-23	-42	-17	-5	9	cell = 1000 to 1007
9	-32	-68	-34	-46	-34	-19	-28	cell = 1008 to 1015
0	-33	4	-4	-28	-21	-10	-48	cell = 1016 to 1023
Calibration values from cell 0 to 1024 for channel 4:

77	-13	24	-1	17	-12	56	-37	cell = 0 to 7
59	-13	68	-29	30	21	29	-7	cell = 8 to 15
53	-26	11	41	55	-34	71	-17	cell = 16 to 23
57	0	88	-34	59	-4	43	-10	cell = 24 to 31
33	20	36	0	13	0	47	2	cell = 32 to 39
34	4	58	7	53	-18	8	9	cell = 40 to 47
8	-25	69	6	52	2	50	-14	cell = 48 to 55
36	-10	87	-34	48	-29	21	-50	cell = 56 to 63
50	-12	56	-18	91	0	48	0	cell = 64 to 71
73	-7	77	-26	61	-4	41	-13	cell = 72 to 79
44	-35	31	-26	61	-46	78	-25	cell = 80 to 87
32	-4	17	-21	48	-10	51	-32	cell = 88 to 95
80	-6	7	-1	21	-24	85	19	cell = 96 to 103
31	-30	8	14	48	-8	17	-4	cell = 104 to 111
35	-32	39	0	68	-20	89	14	cell = 112 to 119
65	-21	25	-5	49	-29	41	-22	cell = 120 to 127
77	16	86	-13	64	-16	24	-9	cell = 128 to 135
72	15	67	16	23	4	55	-20	cell = 136 to 143
68	12	40	-30	35	-30	58	-10	cell = 144 to 151
66	-50	78	18	30	-3	55	2	cell = 152 to 159
52	-10	57	-24	75	38	61	-7	cell = 160 to 167
27	27	42	-19	66	2	32	48	cell = 168 to 175
72	-37	42	6	38	-70	21	7	cell = 176 to 183
54	-7	35	-18	57	7	54	3	cell = 184 to 191
62	-26	47	-29	63	-22	64	21	cell = 192 to 199
47	-20	19	-28	29	16	31	-28	cell = 200 to 207
41	-12	32	-22	34	-15	8	-54	cell = 208 to 215
42	9	48	11	46	-12	53	-39	cell = 216 to 223
52	-18	23	16	77	-22	48	-41	cell = 224 to 231
52	-21	42	6	40	-11	34	-6	cell = 232 to 239
67	23	28	-1	55	-25	36	-8	cell = 240 to 247
58	-29	65	18	54	-31	20	-24	cell = 248 to 255
63	-46	47	-36	50	-22	27	-33	cell = 256 to 263
64	4	50	-33	9	-18	37	-3	cell = 264 to 271
12	0	39	-8	-16	4	18	-28	cell = 272 to 279
47	-11	57	-13	86	-35	16	21	cell = 280 to 287
72	-21	50	0	44	-1	66	13	cell = 288 to 295
26	-12	37	-10	44	5	69	-19	cell = 296 to 303
63	-25	43	-10	41	-19	23	-30	cell = 304 to 311
48	-20	38	-35	40	17	64	11	cell = 312 to 319
29	8	38	-17	65	15	30	-4	cell = 320 to 327
71	-7	11	27	39	23	23	7	cell = 328 to 335
70	-25	37	22	74	-9	56	22	cell = 336 to 343
47	8	30	-5	49	-15	31	-5	cell = 344 to 351
59	-13	25	-17	59	-30	7	-17	cell = 352 to 359
51	-4	53	2	48	-11	25	-6	cell = 360 to 367
79	9	6	3	29	-2	2	-16	cell = 368 to 375
60	0	35	10	35	16	30	14	cell = 376 to 383
42	-16	26	-25	18	0	89	-11	cell = 384 to 391
48	-26	61	-26	98	17	67	-21	cell = 392 to 399
44	-22	31	22	74	-34	86	-12	cell = 400 to 407
54	-19	58	-7	43	2	36	-24	cell = 408 to 415
60	-45	5	49	39	-25	31	40	cell = 416 to 423
18	8	88	-6	55	-6	49	11	cell = 424 to 431
28	-79	46	-14	10	-8	23	12	cell = 432 to 439
33	12	68	-19	84	0	24	47	cell = 440 to 447
13	-74	37	-33	-1	-36	25	-18	cell = 448 to 455
64	6	38	-35	72	-20	-10	13	cell = 456 to 463
20	-29	20	26	46	-28	29	17	cell = 464 to 471
46	-38	19	2	46	-5	55	-11	cell = 472 to 479
70	-5	38	-16	58	-10	15	-30	cell = 480 to 487
52	-53	49	-12	67	-33	64	-13	cell = 488 to 495
23	-12	-55	-41	-10	-71	-44	-69	cell = 496 to 503
41	9	46	-32	34	-12	56	-9	cell = 504 to 511
-36	4	33	-81	-5	1	-11	-23	cell = 512 to 519
-26	31	-18	-21	-34	-19	34	-29	cell = 520 to 527
-22	-13	-17	3	-21	4	4	-4	cell = 528 to 535
-17	-25	-2	-7	7	-4	-2	-10	cell = 536 to 543
-52	-10	0	-27	-11	-35	17	5	cell = 544 to 551
-41	12	-29	8	-29	-13	-20	-27	cell = 552 to 559
-21	-34	-17	-24	-26	21	-24	8	cell = 560 to 567
7	-27	-6	-30	-21	6	-23	-28	cell = 568 to 575
-10	8	-44	-5	-54	4	-37	-65	cell = 576 to 583
-9	-24	-45	-39	-7	-42	-4	-22	cell = 584 to 591
-36	-12	9	-32	-13	5	-33	8	cell = 592 to 599
-11	-56	17	-45	13	-2	-29	-28	cell = 600 to 607
-2	-5	-40	-36	-19	12	-18	-7	cell = 608 to 615
5	7	-17	-5	18	3	-16	5	cell = 616 to 623
-12	17	-9	-7	-27	20	31	-52	cell = 624 to 631
-76	-39	-45	0	-48	-26	-32	-39	cell = 632 to 639
-35	-2	8	-12	-38	-23	-10	-35	cell = 640 to 647
-64	23	-34	-17	-72	10	-29	-26	cell = 648 to 655
-33	-17	7	-30	-1	-14	-37	-5	cell = 656 to 663
-45	18	7	-22	12	-17	14	-13	cell = 664 to 671
-27	19	9	-13	-24	-1	-10	-39	cell = 672 to 679
-27	-16	-39	2	-35	-43	-32	-47	cell = 680 to 687
-26	-39	-17	-14	-30	11	-19	-64	cell = 688 to 695
-16	6	-7	-20	-5	-2	-35	12	cell = 696 to 703
-9	3	5	-53	-69	-26	-24	-40	cell = 704 to 711
-17	-28	19	-22	-14	-34	-25	-24	cell = 712 to 719
-2	-23	-11	-38	26	-9	16	-27	cell = 720 to 727
8	-31	-3	-22	-24	48	20	-39	cell = 728 to 735
-8	-17	-11	-17	-2	-49	-19	-16	cell = 736 to 743
-39	-53	12	6	-22	9	5	3	cell = 744 to 751
-9	15	-51	4	-21	-33	-26	-41	cell = 752 to 759
7	-7	-13	-45	-22	-42	-40	-11	cell = 760 to 767
-42	-15	-28	-19	-16	-71	-10	-15	cell = 768 to 775
-2	-12	-27	-59	-14	-23	-12	-15	cell = 776 to 783
-8	-36	-14	-17	13	-27	-6	-31	cell = 784 to 791
-26	-45	3	-34	-11	-28	-58	-24	cell = 792 to 799
-27	24	-23	-34	7	-45	-68	-31	cell = 800 to 807
18	-15	-11	4	-38	-8	-15	-35	cell = 808 to 815
1	-42	-7	-26	15	-3	-40	-33	cell = 816 to 823
-46	13	-15	-37	-48	-7	-12	9	cell = 824 to 831
-19	-25	-28	-9	-21	-24	1	-13	cell = 832 to 839
-18	-14	-34	-10	-13	-47	-2	-29	cell = 840 to 847
-21	-6	-12	19	-30	-33	4	-26	cell = 848 to 855
1	-20	16	6	-49	-15	-45	-57	cell = 856 to 863
-9	-10	-19	-41	-2	24	-29	-18	cell = 864 to 871
-15	-20	1	-28	-8	-24	-23	17	cell = 872 to 879
-50	-24	16	-37	-2	6	-5	-25	cell = 880 to 887
-59	5	-3	15	-10	-14	-33	-45	cell = 888 to 895
-26	-20	-24	21	-5	-15	-52	-30	cell = 896 to 903
-19	-27	15	-46	13	-8	-45	-30	cell = 904 to 911
-7	11	7	-50	-22	-48	-14	-19	cell = 912 to 919
-48	-38	-10	-24	-31	-19	9	-10	cell = 920 to 927
-26	-16	-10	-41	-38	-39	-8	-15	cell = 928 to 935
-31	-10	-14	5	4	-8	17	-38	cell = 936 to 943
-6	-10	14	2	-36	12	4	-18	cell = 944 to 951
-29	19	-36	-35	-17	-30	32	0	cell = 952 to 959
-30	1	-55	-5	7	-34	-8	-31	cell = 960 to 967
-38	-22	-11	-8	16	-17	3	-27	cell = 968 to 975
-8	0	-41	-15	-40	-18	1	-27	cell = 976 to 983
-34	-9	-22	-39	-26	-16	-38	14	cell = 984 to 991
-15	-16	-10	-52	-48	8	-18	-28	cell = 992 to 999
9	-12	11	-33	-4	1	-27	-36	cell = 1000 to 1007
-70	-4	-21	-10	-37	-35	-2	-29	cell = 1008 to 1015
-7	20	-14	-51	-39	-19	-11	-34	cell = 1016 to 1023
Calibration values from cell 0 to 1024 for channel 5:

50	-21	44	-17	29	-24	51	-8	cell = 0 to 7
15	-10	81	-8	29	-3	43	60	cell = 8 to 15
21	-3	73	-51	29	13	59	-22	cell = 16 to 23
59	24	37	1	45	-4	22	8	cell = 24 to 31
59	-3	58	6	30	-9	100	-12	cell = 32 to 39
4	-22	40	1	44	-31	56	-6	cell = 40 to 47
42	-10	58	11	56	-28	19	-10	cell = 48 to 55
53	-27	26	-15	39	50	52	-12	cell = 56 to 63
86	-10	53	-10	11	15	1	-2	cell = 64 to 71
71	-29	31	10	-3	-4	45	1	cell = 72 to 79
35	-16	36	15	76	-49	82	-18	cell = 80 to 87
82	7	21	-15	21	-3	47	-51	cell = 88 to 95
41	-11	26	14	38	-54	3	-5	cell = 96 to 103
51	-20	29	4	48	10	34	-12	cell = 104 to 111
42	10	50	-17	35	22	87	-20	cell = 112 to 119
44	-16	18	-9	62	-5	61	6	cell = 120 to 127
32	-18	21	-27	9	-51	57	-16	cell = 128 to 135
14	7	41	-3	69	-19	66	-17	cell = 136 to 143
25	5	46	0	29	-3	56	40	cell = 144 to 151
67	-32	53	-37	36	-12	77	-13	cell = 152 to 159
55	-26	7	-23	44	17	67	-10	cell = 160 to 167
42	5	33	2	29	3	52	-17	cell = 168 to 175
62	-25	80	-28	37	13	0	24	cell = 176 to 183
20	-44	49	-29	29	8	45	-12	cell = 184 to 191
52	1	60	15	70	-38	73	-10	cell = 192 to 199
83	8	46	13	50	-28	30	-26	cell = 200 to 207
56	-19	33	4	25	-25	35	-6	cell = 208 to 215
45	-13	86	-43	48	-4	59	-18	cell = 216 to 223
49	-9	66	-4	34	0	57	-23	cell = 224 to 231
-6	-21	7	-4	58	-22	58	-17	cell = 232 to 239
50	-6	51	1	55	6	36	-25	cell = 240 to 247
2	18	65	25	51	-34	8	-34	cell = 248 to 255
41	-15	65	-17	74	-38	58	-35	cell = 256 to 263
35	16	13	-11	113	29	56	-10	cell = 264 to 271
40	-26	40	3	54	-22	57	31	cell = 272 to 279
51	-1	58	1	37	11	14	-17	cell = 280 to 287
63	-35	82	25	71	-27	57	-33	cell = 288 to 295
83	10	39	-27	75	25	54	-20	cell = 296 to 303
46	-9	55	0	66	-23	50	10	cell = 304 to 311
64	-25	45	1	35	-40	61	0	cell = 312 to 319
40	-18	77	-8	82	-10	49	2	cell = 320 to 327
71	-22	36	-8	59	-55	44	-18	cell = 328 to 335
85	-26	47	4	42	21	16	-25	cell = 336 to 343
71	-26	38	-3	35	-23	27	-28	cell = 344 to 351
54	15	29	-69	10	-42	27	-48	cell = 352 to 359
36	31	9	35	14	-34	62	8	cell = 360 to 367
51	-13	23	-25	26	-22	101	-8	cell = 368 to 375
42	-13	32	-14	-3	-15	68	28	cell = 376 to 383
59	-5	57	-23	42	0	52	-23	cell = 384 to 391
43	18	30	-29	30	-41	53	0	cell = 392 to 399
79	-36	42	-20	69	-18	46	-15	cell = 400 to 407
53	-22	61	-19	32	-36	62	-5	cell = 408 to 415
34	10	28	26	40	-20	56	-27	cell = 416 to 423
36	8	10	1	46	-24	66	19	cell = 424 to 431
39	-30	42	0	38	2	73	10	cell = 432 to 439
70	14	34	-7	31	13	45	17	cell = 440 to 447
65	0	53	-30	47	0	24	-7	cell = 448 to 455
48	-1	52	1	-2	-28	24	1	cell = 456 to 463
45	17	57	-7	60	-33	47	25	cell = 464 to 471
59	1	52	-38	36	0	77	-1	cell = 472 to 479
68	-22	32	-21	87	47	47	-10	cell = 480 to 487
-8	-28	41	40	43	35	32	-29	cell = 488 to 495
18	-4	-12	-80	-32	-78	8	-87	cell = 496 to 503
65	46	73	-33	46	-14	62	-9	cell = 504 to 511
-20	29	-2	-15	-2	-52	-42	-12	cell = 512 to 519
-20	10	19	-63	-44	-39	-40	-26	cell = 520 to 527
-8	-30	2	-26	-20	-28	-45	-48	cell = 528 to 535
-15	-38	-21	3	-6	-21	4	10	cell = 536 to 543
4	-22	-10	-9	-43	-18	-3	-31	cell = 544 to 551
-10	-33	-11	-37	38	-33	-22	6	cell = 552 to 559
-32	-18	26	-44	-13	-12	-20	11	cell = 560 to 567
16	-62	-39	29	-23	-28	3	2	cell = 568 to 575
-18	-56	-11	-9	26	-41	-28	15	cell = 576 to 583
-32	-29	-29	-23	-23	-39	-7	-9	cell = 584 to 591
-35	-24	-25	-3	-24	-16	-22	-18	cell = 592 to 599
-40	-4	-37	11	-37	-8	24	-27	cell = 600 to 607
-32	-27	-35	-69	-16	-3	-30	-19	cell = 608 to 615
5	-38	-15	-7	-39	-53	-37	-24	cell = 616 to 623
-15	20	11	-18	-62	-6	2	-17	cell = 624 to 631
-21	13	-17	-70	-28	3	-19	-42	cell = 632 to 639
-2	-34	-20	-7	-25	-58	14	-56	cell = 640 to 647
-16	-36	-41	26	-32	-26	-10	-49	cell = 648 to 655
0	-26	-10	-31	2	0	-59	-40	cell = 656 to 663
2	-50	12	-35	-35	-10	-21	-31	cell = 664 to 671
-4	-32	6	-56	-41	-15	-31	-39	cell = 672 to 679
-26	-5	-11	-8	-28	-13	-48	-25	cell = 680 to 687
-26	29	11	-44	-38	-13	-26	-22	cell = 688 to 695
-20	-16	-11	1	9	-20	-13	-22	cell = 696 to 703
-37	-8	-29	-16	-10	8	11	7	cell = 704 to 711
5	-10	-11	-61	-22	-4	27	-33	cell = 712 to 719
-1	-24	-18	-39	-23	-24	-23	-34	cell = 720 to 727
17	-5	-30	-31	11	-10	1	-43	cell = 728 to 735
-43	-21	11	-21	-14	-43	-41	-35	cell = 736 to 743
-28	-28	37	-15	-17	-68	19	-15	cell = 744 to 751
-23	-29	-5	-39	-43	12	-4	-3	cell = 752 to 759
-40	-34	-24	-23	-30	1	-6	-13	cell = 760 to 767
-21	-30	-20	-39	-26	-26	50	-2	cell = 768 to 775
-21	-25	-15	-11	-59	0	-42	14	cell = 776 to 783
-29	-2	-37	-7	-15	-7	-16	11	cell = 784 to 791
4	-5	-37	12	-20	-28	-2	-18	cell = 792 to 799
-28	-36	-19	-18	12	5	-8	-32	cell = 800 to 807
-23	-38	5	-9	-15	15	-36	-56	cell = 808 to 815
-24	-4	-14	-26	10	-11	-21	-29	cell = 816 to 823
-21	-31	-9	-28	-19	15	-7	-54	cell = 824 to 831
-25	-33	5	-21	-14	-21	-8	-9	cell = 832 to 839
-38	15	-14	-52	-16	-18	-2	-42	cell = 840 to 847
-21	-7	-26	-30	-21	-56	-23	10	cell = 848 to 855
-13	-28	6	-31	-38	-11	-16	-51	cell = 856 to 863
-13	-46	-32	4	1	-7	6	9	cell = 864 to 871
-8	-3	-5	-8	-5	-58	-10	-26	cell = 872 to 879
-1	-15	2	-22	-18	-58	-11	-56	cell = 880 to 887
-10	-13	0	-13	19	11	-25	-8	cell = 888 to 895
6	0	-12	-41	-52	-26	6	9	cell = 896 to 903
-15	-26	0	-31	-23	7	-43	8	cell = 904 to 911
-22	-20	4	8	-16	-33	-27	-6	cell = 912 to 919
-1	-11	-37	-17	19	-20	-6	18	cell = 920 to 927
-32	-27	10	-55	-41	-28	-6	-25	cell = 928 to 935
4	-40	-1	8	4	-34	16	-33	cell = 936 to 943
-30	-33	-19	-10	14	-34	24	-51	cell = 944 to 951
-20	4	-19	-39	-33	-29	-20	0	cell = 952 to 959
-8	-15	24	-50	-1	-9	-13	4	cell = 960 to 967
5	-40	-26	-49	-30	14	-43	-33	cell = 968 to 975
-29	-40	-17	-53	-32	-19	-20	2	cell = 976 to 983
-23	-10	-2	-18	15	-5	7	-56	cell = 984 to 991
-56	-24	-15	-44	-12	0	18	-21	cell = 992 to 999
-68	-25	-35	-35	-28	-17	-42	-32	cell = 1000 to 1007
17	-43	-21	-36	-2	-21	-37	-47	cell = 1008 to 1015
17	-79	-49	-25	-41	-37	-44	17	cell = 1016 to 1023
Calibration values from cell 0 to 1024 for channel 6:

18	-10	3	-40	68	-6	49	-25	cell = 0 to 7
61	0	85	17	57	-27	55	-13	cell = 8 to 15
5	-29	48	-28	41	-24	33	-54	cell = 16 to 23
70	-8	83	4	29	-15	57	-9	cell = 24 to 31
70	15	49	-27	38	3	28	-15	cell = 32 to 39
49	-22	33	-29	39	17	28	6	cell = 40 to 47
25	-36	50	-5	22	4	37	-27	cell = 48 to 55
55	1	27	-5	74	5	6	-27	cell = 56 to 63
39	22	40	-4	88	-10	63	2	cell = 64 to 71
52	32	38	-9	58	18	15	-7	cell = 72 to 79
45	0	66	-21	-5	-28	41	10	cell = 80 to 87
31	19	38	-23	21	8	40	23	cell = 88 to 95
81	26	64	-32	96	-17	38	-27	cell = 96 to 103
19	-12	61	7	53	-29	75	0	cell = 104 to 111
60	-8	10	27	49	-21	77	-34	cell = 112 to 119
96	-14	10	-25	56	-13	39	-23	cell = 120 to 127
78	-28	34	-41	49	-31	46	-31	cell = 128 to 135
55	-3	80	-44	36	8	49	12	cell = 136 to 143
70	-37	38	-20	50	20	58	5	cell = 144 to 151
40	0	58	35	55	12	21	-3	cell = 152 to 159
53	-38	60	4	36	-5	60	-3	cell = 160 to 167
99	-17	59	-1	54	-33	40	-9	cell = 168 to 175
52	19	32	-29	39	-29	52	-26	cell = 176 to 183
68	0	22	-7	68	29	87	-23	cell = 184 to 191
8	-15	16	-38	39	-23	37	-34	cell = 192 to 199
46	-31	44	27	38	-6	57	-39	cell = 200 to 207
63	9	39	19	48	-18	80	7	cell = 208 to 215
42	-4	58	-2	107	-16	14	-38	cell = 216 to 223
60	-24	27	-34	23	-3	-2	-3	cell = 224 to 231
58	-16	51	23	25	-11	49	3	cell = 232 to 239
54	-23	50	0	21	-33	65	4	cell = 240 to 247
34	-26	39	-11	70	25	62	-18	cell = 248 to 255
40	7	54	-32	19	-25	4	-4	cell = 256 to 263
28	-11	38	23	35	-2	58	23	cell = 264 to 271
42	-26	42	0	15	-50	29	0	cell = 272 to 279
56	-3	65	24	39	-22	32	13	cell = 280 to 287
26	-11	9	5	58	-12	69	-41	cell = 288 to 295
49	11	74	4	63	-46	43	8	cell = 296 to 303
67	-40	29	17	41	-3	73	-10	cell = 304 to 311
55	-27	34	12	26	-18	42	-13	cell = 312 to 319
83	-29	24	23	66	-21	29	-22	cell = 320 to 327
76	-2	67	-30	57	-16	97	-24	cell = 328 to 335
49	4	22	-10	51	-14	0	5	cell = 336 to 343
73	10	64	-52	50	1	52	-53	cell = 344 to 351
30	-43	36	-17	59	-71	39	-12	cell = 352 to 359
61	-8	57	29	74	-6	57	2	cell = 360 to 367
50	-14	45	-27	38	-13	8	26	cell = 368 to 375
50	20	42	-1	55	-33	13	-3	cell = 376 to 383
86	-1	42	3	8	-44	47	3	cell = 384 to 391
61	-1	9	-30	60	25	35	-34	cell = 392 to 399
14	-12	47	-43	70	-32	43	14	cell = 400 to 407
40	-24	57	15	86	-47	58	-3	cell = 408 to 415
68	7	48	7	61	-6	40	-5	cell = 416 to 423
41	33	80	-29	75	-9	58	-25	cell = 424 to 431
101	-61	68	8	80	-25	58	-5	cell = 432 to 439
45	21	30	-20	28	-16	60	-21	cell = 440 to 447
47	5	61	-5	93	-35	97	-8	cell = 448 to 455
40	3	38	-23	62	-15	33	-26	cell = 456 to 463
22	-33	15	-9	-3	-38	29	-20	cell = 464 to 471
38	-7	72	-7	73	-4	49	-4	cell = 472 to 479
38	-29	73	-22	48	-16	11	-20	cell = 480 to 487
30	22	8	15	33	-15	33	-35	cell = 488 to 495
22	1	-64	-69	-16	-140	-60	-94	cell = 496 to 503
55	16	30	21	68	-15	39	25	cell = 504 to 511
-27	1	-42	-29	9	-16	-8	-31	cell = 512 to 519
-44	-3	-21	-47	4	-16	5	-1	cell = 520 to 527
-23	-26	-27	25	-9	-11	-24	17	cell = 528 to 535
-1	-32	-34	1	-12	-15	-33	-15	cell = 536 to 543
-68	-26	-41	-7	-21	2	-35	-7	cell = 544 to 551
-20	8	7	-4	-53	-19	-37	-20	cell = 552 to 559
-12	-45	-11	-31	-36	5	-11	-19	cell = 560 to 567
4	4	0	41	-12	-24	-14	27	cell = 568 to 575
0	7	-30	-21	-41	39	-21	-41	cell = 576 to 583
-30	-36	-23	17	0	-1	-25	-24	cell = 584 to 591
-11	-14	-7	3	1	-32	-28	-24	cell = 592 to 599
16	-21	-13	-18	13	15	-28	-12	cell = 600 to 607
-36	7	7	8	-47	-37	-12	-27	cell = 608 to 615
-43	-34	10	14	-28	-32	-19	-28	cell = 616 to 623
-16	11	25	-26	2	9	19	-16	cell = 624 to 631
-57	-33	5	-11	-9	-28	-54	-46	cell = 632 to 639
-2	-19	12	2	-14	-17	-14	-25	cell = 640 to 647
-7	-8	0	-40	-45	-36	4	-4	cell = 648 to 655
-49	-5	-32	-40	21	-29	-15	-39	cell = 656 to 663
-2	-8	-23	-4	-5	-25	4	-34	cell = 664 to 671
-45	9	-19	-72	-53	-8	11	-55	cell = 672 to 679
1	-57	-17	-28	-7	-43	7	-35	cell = 680 to 687
2	-22	-8	0	-2	-16	-14	-1	cell = 688 to 695
-23	-5	21	-10	7	21	-26	-52	cell = 696 to 703
-25	-34	-27	-55	3	-33	-29	-67	cell = 704 to 711
-11	-24	-36	-24	-60	-17	-37	-18	cell = 712 to 719
-65	-49	1	-44	-5	-26	6	-30	cell = 720 to 727
-21	8	-52	4	-21	-12	-53	-13	cell = 728 to 735
19	-18	-13	0	-9	6	-10	16	cell = 736 to 743
12	0	13	-45	-16	10	-25	-37	cell = 744 to 751
2	-24	-22	-30	-47	16	-18	-10	cell = 752 to 759
-25	-23	-15	-24	-34	-24	-2	10	cell = 760 to 767
-38	-3	0	-33	-3	-34	-39	-62	cell = 768 to 775
-18	-15	18	-26	-54	1	-24	-9	cell = 776 to 783
-38	-27	-46	-14	11	-20	10	-18	cell = 784 to 791
-27	-31	-59	-9	-7	-28	19	-29	cell = 792 to 799
1	-14	-17	-27	-18	-36	8	-4	cell = 800 to 807
-14	49	-25	-16	-36	-30	-13	-12	cell = 808 to 815
0	-23	-2	-21	7	-36	-15	-44	cell = 816 to 823
-3	-34	-9	14	-49	-31	14	-46	cell = 824 to 831
-2	-43	-20	-7	-30	-50	-18	-68	cell = 832 to 839
-23	-2	11	-18	24	3	-44	-28	cell = 840 to 847
-22	-17	13	-27	4	30	-2	14	cell = 848 to 855
-10	-10	-9	-23	-30	-24	3	28	cell = 856 to 863
-27	-44	-6	-9	-27	-25	-42	-44	cell = 864 to 871
-10	-59	-24	0	-27	-2	-19	-7	cell = 872 to 879
12	-40	-36	-31	-16	-18	-6	-27	cell = 880 to 887
-45	0	2	-33	-12	-80	-24	-43	cell = 888 to 895
-17	-57	-43	-25	0	-18	-41	-11	cell = 896 to 903
16	-9	-33	4	-46	29	-50	-38	cell = 904 to 911
-26	-35	-28	-8	11	-26	-14	-22	cell = 912 to 919
-34	8	-8	0	-23	-34	-7	-19	cell = 920 to 927
-34	-57	-34	-12	-12	-21	-4	7	cell = 928 to 935
2	31	-12	-5	-13	-64	9	-11	cell = 936 to 943
-29	-34	-44	-24	-58	-28	-38	-30	cell = 944 to 951
-7	-42	-26	5	-42	-51	6	-20	cell = 952 to 959
-9	-5	17	-35	-17	-5	-20	-47	cell = 960 to 967
-43	-22	16	-42	-26	3	-33	-33	cell = 968 to 975
-14	-24	-17	-31	-10	-28	-35	-22	cell = 976 to 983
-9	-32	5	14	-22	-13	-34	0	cell = 984 to 991
-21	-3	-28	-9	-7	-20	-5	-18	cell = 992 to 999
-5	-3	-20	-27	-53	-5	-36	-29	cell = 1000 to 1007
-12	-21	-17	-25	-36	-21	1	21	cell = 1008 to 1015
-43	-27	-10	-48	-28	0	-60	-29	cell = 1016 to 1023
Calibration values from cell 0 to 1024 for channel 7:

75	-45	26	-23	79	-26	20	9	cell = 0 to 7
63	-36	41	-37	35	20	55	-10	cell = 8 to 15
65	3	28	-32	53	32	83	2	cell = 16 to 23
69	0	34	24	61	-18	81	-36	cell = 24 to 31
59	-12	16	-33	41	-12	70	-38	cell = 32 to 39
60	-51	61	0	38	-68	40	-14	cell = 40 to 47
23	7	50	37	51	12	33	-16	cell = 48 to 55
15	0	52	-2	20	-33	46	8	cell = 56 to 63
68	33	40	12	40	-14	64	-24	cell = 64 to 71
10	7	39	-5	27	12	37	4	cell = 72 to 79
81	8	20	-39	59	11	79	22	cell = 80 to 87
71	18	67	20	41	25	47	-13	cell = 88 to 95
39	-12	30	-12	27	-44	38	9	cell = 96 to 103
75	17	42	-19	30	-24	20	-7	cell = 104 to 111
88	-20	37	-14	14	5	47	-19	cell = 112 to 119
25	-28	1	-6	89	-25	-31	4	cell = 120 to 127
0	14	3	-4	24	-7	36	14	cell = 128 to 135
43	-56	21	14	27	-9	78	28	cell = 136 to 143
42	-39	93	35	57	24	29	-11	cell = 144 to 151
62	4	49	5	39	10	27	22	cell = 152 to 159
35	-3	60	-15	33	-28	35	3	cell = 160 to 167
28	-11	71	-9	38	-17	78	-31	cell = 168 to 175
71	-5	53	-26	45	-31	27	-12	cell = 176 to 183
35	-5	31	-21	38	5	24	-26	cell = 184 to 191
26	-27	66	8	28	-33	47	-15	cell = 192 to 199
83	-31	37	5	84	-19	58	-5	cell = 200 to 207
66	-41	61	-38	28	-15	49	-6	cell = 208 to 215
39	-37	61	-10	66	-21	20	-15	cell = 216 to 223
50	12	46	-13	26	14	53	-20	cell = 224 to 231
9	-36	35	-19	17	7	37	-20	cell = 232 to 239
16	-25	79	-13	82	-41	50	11	cell = 240 to 247
28	-35	-3	4	60	32	44	-23	cell = 248 to 255
44	1	56	4	52	-1	49	16	cell = 256 to 263
39	-5	48	-16	2	-19	51	-30	cell = 264 to 271
61	-17	34	-25	26	-14	73	0	cell = 272 to 279
54	-48	43	14	65	-6	48	-42	cell = 280 to 287
48	-3	81	-8	53	-17	42	-11	cell = 288 to 295
82	5	39	14	49	12	86	-18	cell = 296 to 303
47	-17	61	3	60	-4	64	-10	cell = 304 to 311
29	-22	67	-9	67	-57	63	-8	cell = 312 to 319
23	-15	33	-34	7	-15	5	-6	cell = 320 to 327
14	-25	54	-27	68	-23	44	-10	cell = 328 to 335
22	20	36	-40	51	-32	29	-18	cell = 336 to 343
29	-11	41	12	34	0	6	37	cell = 344 to 351
86	7	60	-36	13	-8	41	2	cell = 352 to 359
95	-39	38	-8	27	18	64	-3	cell = 360 to 367
53	35	57	-14	54	-30	27	-20	cell = 368 to 375
60	-47	16	-16	50	51	58	-20	cell = 376 to 383
46	-19	58	-13	17	-26	51	18	cell = 384 to 391
25	-2	41	-3	9	-36	59	-4	cell = 392 to 399
50	37	43	-12	19	-8	75	18	cell = 400 to 407
49	-5	35	-22	36	-25	40	-30	cell = 408 to 415
66	-10	42	10	78	7	30	-11	cell = 416 to 423
57	-23	0	-8	49	7	51	-61	cell = 424 to 431
22	14	54	8	38	-25	40	-17	cell = 432 to 439
9	-44	33	-13	55	3	14	29	cell = 440 to 447
69	4	86	-8	54	9	8	14	cell = 448 to 455
52	-15	59	-15	77	-15	25	-25	cell = 456 to 463
51	12	66	-43	54	-26	27	-6	cell = 464 to 471
44	9	64	-14	85	38	40	5	cell = 472 to 479
29	29	47	-26	67	-42	34	-26	cell = 480 to 487
50	-18	32	15	48	-36	39	-33	cell = 488 to 495
30	-4	21	-72	-47	-76	-11	-59	cell = 496 to 503
64	-48	35	41	66	14	55	32	cell = 504 to 511
12	26	-28	-14	-24	-16	-27	2	cell = 512 to 519
8	-33	-11	-9	-16	-4	9	-20	cell = 520 to 527
-5	5	17	-46	-34	5	-14	-41	cell = 528 to 535
1	-7	-53	-20	-12	-13	-18	-24	cell = 536 to 543
-26	-47	-54	-12	-3	3	-38	-7	cell = 544 to 551
-22	-18	-37	-38	-13	-2	2	-8	cell = 552 to 559
23	-48	46	-27	-3	-8	-10	-8	cell = 560 to 567
-45	-31	7	-41	13	-14	-45	-16	cell = 568 to 575
-12	-22	-17	12	-28	-71	-26	-37	cell = 576 to 583
5	-66	-36	-38	8	-18	-36	-71	cell = 584 to 591
33	-21	8	-27	-32	0	53	-22	cell = 592 to 599
-50	-10	13	-31	8	13	4	2	cell = 600 to 607
26	0	-13	-12	14	-8	-28	-51	cell = 608 to 615
6	-35	-17	-28	0	-14	-6	-13	cell = 616 to 623
-13	-35	-24	-25	-45	-58	-15	-52	cell = 624 to 631
-28	27	-6	-38	-12	-31	-31	-4	cell = 632 to 639
-29	-27	-13	-33	-36	-7	-52	1	cell = 640 to 647
8	-31	-5	-33	-8	-27	-16	5	cell = 648 to 655
7	-29	13	-13	-2	-15	-49	-39	cell = 656 to 663
-8	-6	-7	11	37	-12	0	-12	cell = 664 to 671
-12	-18	6	-21	-28	-15	-1	-14	cell = 672 to 679
-37	-29	25	18	10	-11	-56	-39	cell = 680 to 687
6	-19	-15	-47	-45	-13	-71	19	cell = 688 to 695
-37	6	-40	-14	-5	-36	-51	-25	cell = 696 to 703
10	4	8	0	-6	-6	-10	-45	cell = 704 to 711
2	28	-51	-6	-6	-31	16	-25	cell = 712 to 719
-46	-29	-23	-20	-46	-11	-22	-21	cell = 720 to 727
-10	-40	38	-44	-8	-21	-19	-36	cell = 728 to 735
-21	-5	4	-11	-46	-59	14	-26	cell = 736 to 743
2	-21	-33	16	-10	-38	10	-13	cell = 744 to 751
-22	12	-35	-37	-8	-51	-23	-29	cell = 752 to 759
-18	-10	-20	-11	-26	27	-29	11	cell = 760 to 767
0	18	-30	-38	-21	-15	-40	-1	cell = 768 to 775
-10	-19	31	-60	-11	-25	-30	3	cell = 776 to 783
-43	-17	8	-47	-32	-39	-41	25	cell = 784 to 791
2	24	16	-24	10	18	-2	-45	cell = 792 to 799
-62	29	-13	-25	32	-31	-8	-22	cell = 800 to 807
-45	-16	-70	-27	-16	-15	-3	-14	cell = 808 to 815
-33	-28	-32	-22	-35	-27	-38	-29	cell = 816 to 823
-35	-42	-23	-8	8	0	-6	-12	cell = 824 to 831
-28	-42	-14	-29	-46	9	-12	-28	cell = 832 to 839
-26	-10	-43	-44	-25	19	-27	-2	cell = 840 to 847
-24	-53	-31	-25	-33	-1	-16	-12	cell = 848 to 855
-8	-9	-38	-20	-3	-17	5	11	cell = 856 to 863
-23	-47	-44	-23	2	16	-48	-54	cell = 864 to 871
-88	-16	-35	-2	-48	-8	3	-35	cell = 872 to 879
-8	-49	-26	-16	-13	16	-24	-46	cell = 880 to 887
-97	3	4	-1	-23	7	-41	-38	cell = 888 to 895
-33	-22	2	-32	-30	-9	-17	17	cell = 896 to 903
-7	-32	-40	-40	15	-43	34	16	cell = 904 to 911
-45	-20	-39	-49	14	-17	-8	-21	cell = 912 to 919
-13	-54	9	-18	19	18	-11	-5	cell = 920 to 927
-47	-28	-59	-39	-10	-45	2	-22	cell = 928 to 935
-10	-40	1	-47	-17	-6	-43	-29	cell = 936 to 943
-16	-21	-37	-11	1	-45	-13	-20	cell = 944 to 951
-53	-57	-14	-41	-19	-50	1	4	cell = 952 to 959
-5	-25	-6	11	-25	-18	-17	-4	cell = 960 to 967
9	-14	-14	-34	5	12	-40	-33	cell = 968 to 975
4	-67	7	-34	-12	-18	-4	-37	cell = 976 to 983
25	-18	9	-8	-5	-89	-37	-8	cell = 984 to 991
-6	-30	-8	-18	16	-66	-19	-11	cell = 992 to 999
-8	11	-19	-43	-30	1	-8	-7	cell = 1000 to 1007
-23	-23	-42	-21	-36	-16	18	-24	cell = 1008 to 1015
-3	2	-65	-23	-42	16	-17	3	cell = 1016 to 1023
Calibration values from cell 0 to 1024 for channel 8:

89	-14	33	-20	69	-14	45	-2	cell = 0 to 7
52	-7	34	16	65	33	46	-19	cell = 8 to 15
55	-9	34	-44	54	-41	23	-65	cell = 16 to 23
77	5	13	-46	48	-32	14	14	cell = 24 to 31
12	2	46	-29	104	-8	77	-20	cell = 32 to 39
21	1	19	22	49	-27	54	7	cell = 40 to 47
28	7	67	-13	79	15	23	1	cell = 48 to 55
29	8	60	-26	80	-14	64	8	cell = 56 to 63
51	26	22	0	30	7	64	12	cell = 64 to 71
57	-27	41	20	31	-3	52	11	cell = 72 to 79
68	10	82	-2	46	-18	97	-4	cell = 80 to 87
61	-25	12	24	46	-21	39	4	cell = 88 to 95
18	-24	71	-1	68	15	43	-26	cell = 96 to 103
38	-52	38	-16	45	21	61	-24	cell = 104 to 111
36	13	40	-57	59	21	47	40	cell = 112 to 119
60	26	0	-42	43	-35	55	-20	cell = 120 to 127
19	-10	77	-20	27	-20	19	6	cell = 128 to 135
37	-22	64	16	39	-20	44	-9	cell = 136 to 143
62	-23	32	-11	67	-1	35	-29	cell = 144 to 151
45	-26	76	-7	39	3	77	-34	cell = 152 to 159
79	-10	28	-21	29	47	32	-18	cell = 160 to 167
20	-37	40	-2	55	-7	59	9	cell = 168 to 175
34	-6	51	-9	14	26	28	14	cell = 176 to 183
47	8	32	-12	46	13	54	-6	cell = 184 to 191
9	15	60	13	56	-12	55	14	cell = 192 to 199
27	-16	14	-3	29	-10	85	-9	cell = 200 to 207
56	3	44	-1	51	27	24	-30	cell = 208 to 215
40	-46	48	-9	27	0	74	-27	cell = 216 to 223
39	-29	66	-18	75	-24	35	20	cell = 224 to 231
53	-28	39	3	57	-48	53	-13	cell = 232 to 239
39	19	18	-5	54	5	18	-27	cell = 240 to 247
45	-17	49	16	51	3	34	2	cell = 248 to 255
16	-12	59	-13	10	-26	53	-8	cell = 256 to 263
52	11	13	-21	41	-20	29	-31	cell = 264 to 271
8	-10	61	-1	32	34	50	-13	cell = 272 to 279
56	-7	50	24	45	-10	67	-1	cell = 280 to 287
38	-31	44	16	68	-3	93	-20	cell = 288 to 295
70	33	37	-8	48	-27	38	-43	cell = 296 to 303
62	13	25	30	10	39	69	-11	cell = 304 to 311
47	29	50	15	33	-7	45	16	cell = 312 to 319
68	2	-17	28	28	38	29	32	cell = 320 to 327
38	-6	72	27	42	-17	29	26	cell = 328 to 335
57	-7	51	-5	57	7	30	-5	cell = 336 to 343
42	2	17	-16	55	-10	45	48	cell = 344 to 351
34	5	94	-29	21	-14	-1	14	cell = 352 to 359
50	-30	13	-6	36	6	84	-47	cell = 360 to 367
27	15	105	14	32	21	42	12	cell = 368 to 375
11	20	69	-14	44	41	72	7	cell = 376 to 383
32	-9	54	-10	46	-24	46	-30	cell = 384 to 391
59	11	2	-21	60	-8	36	13	cell = 392 to 399
48	-16	30	1	58	-4	9	-28	cell = 400 to 407
59	-11	73	-49	23	-35	37	32	cell = 408 to 415
30	13	14	3	79	-18	42	-13	cell = 416 to 423
55	-25	26	31	25	0	36	-10	cell = 424 to 431
52	21	51	-9	43	-1	61	-11	cell = 432 to 439
40	23	41	-4	22	29	61	-40	cell = 440 to 447
51	-21	60	-3	53	39	70	-29	cell = 448 to 455
55	-35	29	-21	77	-44	50	22	cell = 456 to 463
29	18	24	0	35	-6	80	-9	cell = 464 to 471
25	-17	10	16	19	13	59	4	cell = 472 to 479
8	36	45	-13	-6	-6	42	-25	cell = 480 to 487
46	15	43	4	20	3	89	-36	cell = 488 to 495
61	5	-69	-53	-37	-69	-25	-82	cell = 496 to 503
72	8	7	24	24	2	38	-37	cell = 504 to 511
-6	15	-16	-22	-16	-16	2	-23	cell = 512 to 519
14	-15	-7	-2	-29	10	-12	9	cell = 520 to 527
-13	13	-30	-51	-22	-34	44	-13	cell = 528 to 535
-34	-2	-5	5	-1	-5	-10	-28	cell = 536 to 543
1	-10	7	-38	-8	-4	-50	-35	cell = 544 to 551
-58	13	3	-4	-50	-22	-18	-26	cell = 552 to 559
-13	-9	-32	-44	-32	-8	-31	-37	cell = 560 to 567
-17	-18	-20	-29	-33	11	19	-31	cell = 568 to 575
-37	2	-21	14	0	-35	-68	-22	cell = 576 to 583
-44	-20	-11	-1	-65	-29	-40	-43	cell = 584 to 591
-4	-29	-41	-33	-49	-27	-37	2	cell = 592 to 599
-39	20	-34	-55	-38	36	-6	-7	cell = 600 to 607
-34	-60	-4	-22	-47	-18	-26	3	cell = 608 to 615
-33	37	-34	-7	-36	-29	-24	-25	cell = 616 to 623
-35	-27	-38	-36	-11	6	-63	2	cell = 624 to 631
-19	23	-36	-11	2	5	-30	3	cell = 632 to 639
-29	25	-8	-15	-33	-32	8	-42	cell = 640 to 647
-14	-67	-44	-51	24	-3	-28	8	cell = 648 to 655
-25	9	-29	-28	-16	-27	-2	-4	cell = 656 to 663
-21	9	0	-17	5	-24	-38	-16	cell = 664 to 671
-62	5	3	-26	-5	2	-8	-18	cell = 672 to 679
-23	-27	-20	-31	-43	-14	-43	-23	cell = 680 to 687
29	8	4	-13	-38	-16	-3	-34	cell = 688 to 695
-22	16	-46	-13	-13	-5	-17	-24	cell = 696 to 703
-56	-6	-8	-28	-40	27	-3	-52	cell = 704 to 711
-27	-37	0	15	-11	-15	-11	-5	cell = 712 to 719
-17	-11	-7	-35	-41	-50	18	2	cell = 720 to 727
-44	-15	-44	2	-55	4	-8	9	cell = 728 to 735
-42	7	-41	-30	-19	-33	-37	-9	cell = 736 to 743
-34	-59	-24	-29	-52	-2	-18	10	cell = 744 to 751
-45	-4	-35	-7	-9	1	-11	-38	cell = 752 to 759
-30	-22	-57	-25	5	-54	-42	-4	cell = 760 to 767
-39	-56	-35	-38	-61	10	-13	-24	cell = 768 to 775
-57	-3	-33	-32	18	-25	-55	-49	cell = 776 to 783
-56	-38	-49	-30	9	-27	-40	-7	cell = 784 to 791
-30	0	-20	5	-38	-2	15	-38	cell = 792 to 799
-54	-65	-14	-21	-44	0	-58	19	cell = 800 to 807
13	26	-26	-39	-26	0	-32	-36	cell = 808 to 815
-76	5	-2	2	-2	-18	29	6	cell = 816 to 823
48	-58	32	0	-26	-40	1	12	cell = 824 to 831
-40	-56	-9	-17	4	2	4	-21	cell = 832 to 839
2	-27	-14	-32	-11	0	-43	-21	cell = 840 to 847
-11	-32	-53	-26	-50	7	23	-3	cell = 848 to 855
-30	26	-50	-4	-46	-36	-34	9	cell = 856 to 863
-29	-10	-20	-46	46	-42	-36	-33	cell = 864 to 871
-14	-4	-48	-19	14	-10	6	-30	cell = 872 to 879
-14	-35	-16	-28	2	-13	-17	12	cell = 880 to 887
-34	-20	-54	-22	3	-17	38	-69	cell = 888 to 895
-24	-46	-18	10	-27	-43	-52	-15	cell = 896 to 903
-8	-12	-3	10	-6	7	-27	3	cell = 904 to 911
-20	-8	-10	-43	-34	-33	-24	-21	cell = 912 to 919
-18	-24	-5	-67	-16	-42	-28	0	cell = 920 to 927
-18	-15	-36	-34	-32	-40	-24	2	cell = 928 to 935
-21	23	-7	9	-43	-15	-13	-33	cell = 936 to 943
-19	-24	14	-22	-38	-11	-20	-14	cell = 944 to 951
-29	-49	-23	-23	0	-10	-50	-36	cell = 952 to 959
-72	-30	-40	-29	0	-19	-18	-18	cell = 960 to 967
-15	10	-14	5	-7	0	25	16	cell = 968 to 975
-19	-29	-36	-36	-46	5	8	35	cell = 976 to 983
-28	-29	-69	-14	-73	-26	-31	-22	cell = 984 to 991
-18	15	-63	-25	-45	1	-6	-10	cell = 992 to 999
-33	-43	-6	-15	-14	-37	-9	6	cell = 1000 to 1007
-10	-1	-50	-56	-8	-18	-44	-18	cell = 1008 to 1015
-59	-16	22	-4	-31	-24	-9	15	cell = 1016 to 1023
