Calibration values (ps) from cell 0 to 1024 :

00000.000	00000.198	00000.396	00000.595	00000.793	00000.992	00001.191	00001.390	cell = 0 to 7
00001.589	00001.788	00001.987	00002.186	00002.386	00002.585	00002.785	00002.984	cell = 8 to 15
00003.184	00003.384	00003.584	00003.784	00003.983	00004.183	00004.383	00004.583	cell = 16 to 23
00004.783	00004.983	00005.183	00005.383	00005.583	00005.783	00005.983	00006.183	cell = 24 to 31
00006.383	00006.583	00006.784	00006.984	00007.184	00007.384	00007.585	00007.785	cell = 32 to 39
00007.985	00008.185	00008.386	00008.586	00008.786	00008.987	00009.187	00009.388	cell = 40 to 47
00009.589	00009.789	00009.990	00010.191	00010.392	00010.593	00010.794	00010.995	cell = 48 to 55
00011.196	00011.397	00011.599	00011.800	00012.001	00012.202	00012.403	00012.604	cell = 56 to 63
00012.805	00013.006	00013.207	00013.408	00013.609	00013.811	00014.012	00014.213	cell = 64 to 71
00014.415	00014.616	00014.818	00015.019	00015.220	00015.421	00015.623	00015.824	cell = 72 to 79
00016.025	00016.226	00016.427	00016.628	00016.829	00017.030	00017.231	00017.432	cell = 80 to 87
00017.634	00017.835	00018.037	00018.239	00018.440	00018.642	00018.844	00019.046	cell = 88 to 95
00019.248	00019.451	00019.653	00019.855	00020.057	00020.259	00020.461	00020.663	cell = 96 to 103
00020.865	00021.067	00021.269	00021.471	00021.673	00021.875	00022.077	00022.279	cell = 104 to 111
00022.481	00022.683	00022.885	00023.087	00023.288	00023.490	00023.692	00023.894	cell = 112 to 119
00024.096	00024.298	00024.499	00024.701	00024.903	00025.105	00025.306	00025.508	cell = 120 to 127
00025.709	00025.911	00026.113	00026.314	00026.516	00026.718	00026.920	00027.122	cell = 128 to 135
00027.323	00027.525	00027.727	00027.929	00028.131	00028.333	00028.535	00028.737	cell = 136 to 143
00028.938	00029.140	00029.341	00029.543	00029.744	00029.945	00030.146	00030.346	cell = 144 to 151
00030.547	00030.747	00030.947	00031.147	00031.347	00031.547	00031.747	00031.947	cell = 152 to 159
00032.147	00032.347	00032.547	00032.746	00032.946	00033.146	00033.345	00033.545	cell = 160 to 167
00033.744	00033.943	00034.142	00034.341	00034.540	00034.739	00034.937	00035.136	cell = 168 to 175
00035.335	00035.533	00035.732	00035.931	00036.130	00036.329	00036.528	00036.728	cell = 176 to 183
00036.927	00037.126	00037.325	00037.524	00037.724	00037.923	00038.122	00038.322	cell = 184 to 191
00038.522	00038.721	00038.921	00039.120	00039.320	00039.519	00039.719	00039.918	cell = 192 to 199
00040.118	00040.317	00040.517	00040.717	00040.917	00041.117	00041.316	00041.516	cell = 200 to 207
00041.716	00041.916	00042.116	00042.315	00042.515	00042.714	00042.913	00043.113	cell = 208 to 215
00043.312	00043.511	00043.710	00043.910	00044.109	00044.308	00044.507	00044.706	cell = 216 to 223
00044.905	00045.105	00045.304	00045.504	00045.704	00045.903	00046.103	00046.303	cell = 224 to 231
00046.502	00046.702	00046.901	00047.100	00047.299	00047.498	00047.697	00047.896	cell = 232 to 239
00048.095	00048.294	00048.493	00048.692	00048.891	00049.090	00049.289	00049.488	cell = 240 to 247
00049.688	00049.887	00050.087	00050.286	00050.486	00050.686	00050.886	00051.086	cell = 248 to 255
00051.287	00051.487	00051.687	00051.887	00052.088	00052.288	00052.489	00052.689	cell = 256 to 263
00052.890	00053.090	00053.290	00053.491	00053.691	00053.892	00054.092	00054.293	cell = 264 to 271
00054.494	00054.695	00054.896	00055.097	00055.299	00055.500	00055.701	00055.901	cell = 272 to 279
00056.102	00056.303	00056.504	00056.704	00056.904	00057.105	00057.305	00057.506	cell = 280 to 287
00057.706	00057.906	00058.107	00058.307	00058.507	00058.707	00058.908	00059.108	cell = 288 to 295
00059.309	00059.510	00059.711	00059.912	00060.113	00060.314	00060.515	00060.715	cell = 296 to 303
00060.916	00061.117	00061.318	00061.519	00061.719	00061.920	00062.121	00062.322	cell = 304 to 311
00062.523	00062.723	00062.924	00063.125	00063.326	00063.527	00063.728	00063.929	cell = 312 to 319
00064.130	00064.330	00064.531	00064.731	00064.932	00065.132	00065.332	00065.531	cell = 320 to 327
00065.731	00065.931	00066.130	00066.330	00066.529	00066.729	00066.928	00067.128	cell = 328 to 335
00067.328	00067.527	00067.727	00067.927	00068.126	00068.326	00068.526	00068.725	cell = 336 to 343
00068.925	00069.125	00069.324	00069.524	00069.723	00069.922	00070.122	00070.321	cell = 344 to 351
00070.521	00070.720	00070.919	00071.119	00071.318	00071.518	00071.717	00071.916	cell = 352 to 359
00072.116	00072.315	00072.514	00072.713	00072.913	00073.112	00073.312	00073.511	cell = 360 to 367
00073.711	00073.911	00074.110	00074.309	00074.508	00074.707	00074.906	00075.105	cell = 368 to 375
00075.303	00075.501	00075.700	00075.898	00076.096	00076.294	00076.492	00076.690	cell = 376 to 383
00076.889	00077.087	00077.285	00077.482	00077.680	00077.878	00078.075	00078.273	cell = 384 to 391
00078.470	00078.668	00078.865	00079.062	00079.259	00079.455	00079.652	00079.849	cell = 392 to 399
00080.046	00080.243	00080.440	00080.638	00080.835	00081.033	00081.230	00081.428	cell = 400 to 407
00081.625	00081.823	00082.020	00082.218	00082.416	00082.614	00082.812	00083.010	cell = 408 to 415
00083.207	00083.405	00083.603	00083.801	00083.999	00084.197	00084.395	00084.593	cell = 416 to 423
00084.791	00084.990	00085.188	00085.387	00085.586	00085.785	00085.984	00086.183	cell = 424 to 431
00086.383	00086.582	00086.781	00086.981	00087.180	00087.380	00087.579	00087.779	cell = 432 to 439
00087.979	00088.178	00088.378	00088.578	00088.778	00088.978	00089.178	00089.378	cell = 440 to 447
00089.578	00089.779	00089.979	00090.180	00090.380	00090.580	00090.781	00090.981	cell = 448 to 455
00091.182	00091.383	00091.584	00091.784	00091.985	00092.186	00092.387	00092.588	cell = 456 to 463
00092.789	00092.990	00093.191	00093.392	00093.592	00093.793	00093.994	00094.195	cell = 464 to 471
00094.395	00094.597	00094.798	00095.000	00095.201	00095.403	00095.605	00095.806	cell = 472 to 479
00096.008	00096.210	00096.412	00096.614	00096.816	00097.018	00097.220	00097.423	cell = 480 to 487
00097.625	00097.828	00098.031	00098.233	00098.435	00098.637	00098.839	00099.041	cell = 488 to 495
00099.243	00099.444	00099.646	00099.847	00100.048	00100.248	00100.448	00100.648	cell = 496 to 503
00100.848	00101.048	00101.247	00101.447	00101.646	00101.845	00102.044	00102.243	cell = 504 to 511
00102.442	00102.640	00102.839	00103.038	00103.237	00103.437	00103.636	00103.836	cell = 512 to 519
00104.035	00104.235	00104.435	00104.635	00104.834	00105.034	00105.234	00105.434	cell = 520 to 527
00105.633	00105.833	00106.033	00106.232	00106.432	00106.631	00106.830	00107.030	cell = 528 to 535
00107.229	00107.428	00107.627	00107.826	00108.025	00108.224	00108.423	00108.622	cell = 536 to 543
00108.821	00109.019	00109.217	00109.415	00109.613	00109.811	00110.008	00110.206	cell = 544 to 551
00110.404	00110.601	00110.798	00110.995	00111.192	00111.389	00111.586	00111.783	cell = 552 to 559
00111.980	00112.176	00112.373	00112.569	00112.765	00112.961	00113.158	00113.354	cell = 560 to 567
00113.551	00113.747	00113.944	00114.140	00114.337	00114.533	00114.730	00114.927	cell = 568 to 575
00115.124	00115.321	00115.518	00115.714	00115.912	00116.109	00116.306	00116.504	cell = 576 to 583
00116.702	00116.900	00117.098	00117.296	00117.494	00117.692	00117.890	00118.088	cell = 584 to 591
00118.286	00118.485	00118.685	00118.884	00119.083	00119.283	00119.483	00119.682	cell = 592 to 599
00119.882	00120.082	00120.282	00120.483	00120.683	00120.883	00121.083	00121.283	cell = 600 to 607
00121.483	00121.683	00121.883	00122.083	00122.284	00122.484	00122.684	00122.884	cell = 608 to 615
00123.083	00123.283	00123.483	00123.682	00123.881	00124.081	00124.280	00124.479	cell = 616 to 623
00124.678	00124.877	00125.076	00125.275	00125.474	00125.672	00125.871	00126.070	cell = 624 to 631
00126.268	00126.467	00126.666	00126.865	00127.063	00127.262	00127.461	00127.659	cell = 632 to 639
00127.857	00128.056	00128.254	00128.453	00128.652	00128.850	00129.049	00129.248	cell = 640 to 647
00129.447	00129.647	00129.846	00130.046	00130.245	00130.445	00130.645	00130.845	cell = 648 to 655
00131.045	00131.245	00131.445	00131.645	00131.846	00132.047	00132.247	00132.448	cell = 656 to 663
00132.649	00132.850	00133.052	00133.253	00133.454	00133.655	00133.856	00134.057	cell = 664 to 671
00134.257	00134.458	00134.659	00134.860	00135.061	00135.262	00135.462	00135.663	cell = 672 to 679
00135.863	00136.064	00136.264	00136.464	00136.664	00136.864	00137.064	00137.265	cell = 680 to 687
00137.465	00137.665	00137.865	00138.065	00138.264	00138.464	00138.663	00138.863	cell = 688 to 695
00139.062	00139.262	00139.461	00139.661	00139.860	00140.060	00140.259	00140.459	cell = 696 to 703
00140.659	00140.859	00141.060	00141.260	00141.461	00141.661	00141.862	00142.062	cell = 704 to 711
00142.263	00142.464	00142.664	00142.865	00143.065	00143.266	00143.467	00143.668	cell = 712 to 719
00143.869	00144.070	00144.271	00144.472	00144.673	00144.873	00145.074	00145.275	cell = 720 to 727
00145.476	00145.677	00145.878	00146.079	00146.280	00146.481	00146.682	00146.883	cell = 728 to 735
00147.084	00147.285	00147.486	00147.687	00147.888	00148.089	00148.290	00148.492	cell = 736 to 743
00148.693	00148.895	00149.096	00149.297	00149.498	00149.700	00149.901	00150.102	cell = 744 to 751
00150.302	00150.503	00150.704	00150.904	00151.105	00151.306	00151.506	00151.707	cell = 752 to 759
00151.907	00152.107	00152.307	00152.507	00152.707	00152.906	00153.106	00153.306	cell = 760 to 767
00153.505	00153.705	00153.904	00154.104	00154.303	00154.503	00154.702	00154.901	cell = 768 to 775
00155.101	00155.300	00155.500	00155.699	00155.899	00156.098	00156.297	00156.497	cell = 776 to 783
00156.696	00156.896	00157.095	00157.295	00157.494	00157.693	00157.892	00158.091	cell = 784 to 791
00158.291	00158.490	00158.689	00158.888	00159.087	00159.286	00159.485	00159.684	cell = 792 to 799
00159.883	00160.082	00160.281	00160.481	00160.680	00160.879	00161.078	00161.277	cell = 800 to 807
00161.476	00161.675	00161.874	00162.074	00162.273	00162.473	00162.672	00162.872	cell = 808 to 815
00163.072	00163.272	00163.472	00163.672	00163.872	00164.071	00164.271	00164.471	cell = 816 to 823
00164.671	00164.872	00165.072	00165.273	00165.474	00165.674	00165.875	00166.076	cell = 824 to 831
00166.277	00166.477	00166.678	00166.879	00167.080	00167.282	00167.483	00167.684	cell = 832 to 839
00167.885	00168.086	00168.287	00168.488	00168.689	00168.890	00169.091	00169.292	cell = 840 to 847
00169.493	00169.694	00169.895	00170.096	00170.297	00170.498	00170.699	00170.900	cell = 848 to 855
00171.101	00171.302	00171.503	00171.704	00171.905	00172.106	00172.307	00172.509	cell = 856 to 863
00172.710	00172.911	00173.113	00173.314	00173.515	00173.716	00173.918	00174.119	cell = 864 to 871
00174.320	00174.522	00174.723	00174.924	00175.126	00175.327	00175.528	00175.730	cell = 872 to 879
00175.931	00176.133	00176.334	00176.535	00176.736	00176.937	00177.138	00177.339	cell = 880 to 887
00177.540	00177.742	00177.943	00178.144	00178.345	00178.547	00178.748	00178.950	cell = 888 to 895
00179.151	00179.353	00179.554	00179.755	00179.957	00180.158	00180.359	00180.561	cell = 896 to 903
00180.762	00180.963	00181.165	00181.366	00181.567	00181.769	00181.970	00182.172	cell = 904 to 911
00182.373	00182.575	00182.776	00182.978	00183.179	00183.381	00183.582	00183.784	cell = 912 to 919
00183.986	00184.187	00184.389	00184.591	00184.792	00184.994	00185.195	00185.396	cell = 920 to 927
00185.597	00185.798	00185.999	00186.199	00186.400	00186.600	00186.800	00187.000	cell = 928 to 935
00187.200	00187.400	00187.600	00187.800	00188.000	00188.200	00188.400	00188.600	cell = 936 to 943
00188.800	00189.000	00189.200	00189.400	00189.600	00189.800	00190.000	00190.200	cell = 944 to 951
00190.400	00190.600	00190.800	00191.000	00191.200	00191.400	00191.599	00191.799	cell = 952 to 959
00191.999	00192.199	00192.399	00192.599	00192.799	00192.999	00193.199	00193.399	cell = 960 to 967
00193.599	00193.800	00194.000	00194.200	00194.400	00194.600	00194.800	00195.000	cell = 968 to 975
00195.201	00195.401	00195.601	00195.801	00196.001	00196.201	00196.401	00196.602	cell = 976 to 983
00196.802	00197.003	00197.203	00197.404	00197.604	00197.805	00198.005	00198.206	cell = 984 to 991
00198.406	00198.607	00198.807	00199.008	00199.208	00199.409	00199.610	00199.810	cell = 992 to 999
00200.011	00200.212	00200.413	00200.613	00200.814	00201.015	00201.216	00201.416	cell = 1000 to 1007
00201.617	00201.817	00202.017	00202.217	00202.417	00202.616	00202.815	00203.014	cell = 1008 to 1015
00203.213	00203.412	00203.611	00203.810	00204.008	00204.206	00204.404	00204.602	cell = 1016 to 1023
