Calibration values from cell 0 to 1024 for channel 0:

43	24	-3	13	49	-49	80	-3	cell = 0 to 7
50	-20	42	-24	8	-38	10	0	cell = 8 to 15
33	-15	32	13	76	-38	49	-39	cell = 16 to 23
54	21	25	-7	26	7	22	-18	cell = 24 to 31
89	-86	49	-42	42	6	59	2	cell = 32 to 39
65	-3	13	56	63	-27	23	-3	cell = 40 to 47
18	39	39	-12	61	8	50	-8	cell = 48 to 55
28	-5	45	-14	12	13	5	-46	cell = 56 to 63
72	5	35	-25	42	20	27	-33	cell = 64 to 71
72	-13	6	-23	40	-18	69	-19	cell = 72 to 79
15	5	75	14	50	-22	33	1	cell = 80 to 87
35	-18	47	-9	18	-21	19	-5	cell = 88 to 95
67	-12	55	-37	69	13	68	-5	cell = 96 to 103
48	-17	16	1	65	-36	22	-19	cell = 104 to 111
87	-37	-13	-9	32	-3	6	-20	cell = 112 to 119
35	19	40	-32	49	-17	4	18	cell = 120 to 127
96	-28	-1	-40	70	-14	18	-18	cell = 128 to 135
33	14	35	-4	32	9	37	12	cell = 136 to 143
53	-25	21	-6	47	2	34	-11	cell = 144 to 151
69	-7	62	-8	43	-43	41	59	cell = 152 to 159
24	-29	79	-25	28	-34	51	49	cell = 160 to 167
35	25	37	3	41	-7	39	-29	cell = 168 to 175
67	-15	60	0	58	-6	21	1	cell = 176 to 183
-14	6	65	-5	68	-10	-12	-27	cell = 184 to 191
64	14	29	0	47	-11	24	3	cell = 192 to 199
68	-34	42	-20	55	-18	26	-18	cell = 200 to 207
42	-44	18	-16	61	0	54	34	cell = 208 to 215
89	9	38	0	72	-39	24	7	cell = 216 to 223
39	1	51	-17	31	2	26	-21	cell = 224 to 231
75	22	82	18	71	0	44	-23	cell = 232 to 239
40	10	37	-8	43	-21	38	47	cell = 240 to 247
29	-48	58	27	27	-9	38	-9	cell = 248 to 255
41	-34	5	25	54	-9	9	-9	cell = 256 to 263
39	-2	10	59	21	-9	41	-10	cell = 264 to 271
48	-13	103	-6	19	-17	2	-12	cell = 272 to 279
53	35	53	14	77	44	67	24	cell = 280 to 287
90	-3	14	-24	11	-8	0	-22	cell = 288 to 295
55	21	67	18	39	-27	67	0	cell = 296 to 303
26	5	41	-1	73	13	44	14	cell = 304 to 311
19	-11	14	-12	47	1	22	-4	cell = 312 to 319
56	-11	65	2	81	-26	80	-19	cell = 320 to 327
7	-9	63	47	26	2	51	-32	cell = 328 to 335
67	-8	65	0	70	6	22	29	cell = 336 to 343
77	-5	75	-27	42	-33	73	0	cell = 344 to 351
57	-4	14	-19	31	-7	6	-21	cell = 352 to 359
17	-42	52	-3	70	32	72	23	cell = 360 to 367
41	6	76	21	87	-34	23	-6	cell = 368 to 375
62	-26	57	-19	36	-4	9	5	cell = 376 to 383
14	-31	31	-17	3	-1	31	38	cell = 384 to 391
51	-36	32	-3	45	-18	48	22	cell = 392 to 399
63	-6	20	19	48	-30	48	-3	cell = 400 to 407
66	5	-17	-19	82	1	31	19	cell = 408 to 415
99	53	51	-24	30	2	44	15	cell = 416 to 423
50	-54	54	-24	38	-20	70	-3	cell = 424 to 431
60	25	37	-37	35	-1	28	-6	cell = 432 to 439
27	65	16	-18	49	27	34	-12	cell = 440 to 447
7	-10	4	8	22	8	58	10	cell = 448 to 455
39	9	68	-21	56	0	16	-3	cell = 456 to 463
57	-19	39	17	54	2	66	5	cell = 464 to 471
82	31	47	20	7	4	14	-32	cell = 472 to 479
22	-17	16	51	70	7	6	45	cell = 480 to 487
18	-4	19	-25	61	-21	43	12	cell = 488 to 495
53	7	37	-94	-24	-76	-32	-63	cell = 496 to 503
45	35	41	11	30	-30	13	-31	cell = 504 to 511
-72	24	0	11	-16	12	39	-14	cell = 512 to 519
-4	-28	-26	-35	17	-5	-49	-44	cell = 520 to 527
-9	-9	-28	-9	-3	31	-18	-12	cell = 528 to 535
-31	-26	-1	20	-40	-5	11	10	cell = 536 to 543
-9	-1	-25	-6	-62	33	-4	-27	cell = 544 to 551
-27	-56	-2	-15	-53	-15	-15	-41	cell = 552 to 559
-19	-26	-43	-43	-2	-6	-25	-44	cell = 560 to 567
-36	-43	-49	-44	-59	30	11	-13	cell = 568 to 575
-34	-23	-39	-22	-48	-9	-36	-21	cell = 576 to 583
4	11	-36	-46	-51	-29	-47	-12	cell = 584 to 591
11	39	-39	-11	-50	-30	-19	-34	cell = 592 to 599
4	17	-4	-35	-3	-38	-28	-76	cell = 600 to 607
-20	-55	-17	-32	-4	-9	-30	9	cell = 608 to 615
-41	-31	16	5	-8	-15	-19	7	cell = 616 to 623
1	1	-28	-24	-2	-11	-6	-1	cell = 624 to 631
-48	-13	-4	2	5	-9	-35	-36	cell = 632 to 639
-31	-20	10	-21	-41	13	-37	-7	cell = 640 to 647
-48	7	-22	-27	-35	-42	-30	14	cell = 648 to 655
-17	27	-18	-3	-24	21	4	6	cell = 656 to 663
-36	-25	0	-24	-39	-35	-23	1	cell = 664 to 671
-26	-39	-21	8	-9	-2	-9	32	cell = 672 to 679
19	45	13	1	1	-37	17	-26	cell = 680 to 687
-58	-3	-32	-4	-7	-12	-44	-56	cell = 688 to 695
-50	7	3	0	-26	17	25	-28	cell = 696 to 703
-9	-19	-39	-23	-2	-48	-17	-51	cell = 704 to 711
-26	-5	-17	25	-10	22	-4	3	cell = 712 to 719
-29	-2	13	-14	-48	6	-20	10	cell = 720 to 727
-8	-35	12	-35	-52	8	19	-53	cell = 728 to 735
-22	-53	-10	-25	-49	-36	-18	5	cell = 736 to 743
-40	32	13	5	-19	-18	5	-32	cell = 744 to 751
10	1	-29	-12	-3	6	-19	-34	cell = 752 to 759
-44	-15	-14	-32	-3	-3	-39	-28	cell = 760 to 767
-42	-48	-35	-29	-42	-5	0	-25	cell = 768 to 775
-3	5	-32	-26	-38	11	-62	1	cell = 776 to 783
-45	-10	-40	12	-26	10	49	-33	cell = 784 to 791
-59	-12	-67	-16	-26	-26	9	-38	cell = 792 to 799
20	-9	-5	-58	24	17	-75	-61	cell = 800 to 807
-52	-16	27	16	-37	-15	41	-28	cell = 808 to 815
8	-17	-35	30	-49	-25	-19	-17	cell = 816 to 823
-44	-1	1	-25	-41	-27	14	-17	cell = 824 to 831
-36	-51	-60	-36	-23	-15	-73	-56	cell = 832 to 839
-8	0	16	0	-14	-32	-38	-18	cell = 840 to 847
-25	19	19	41	-80	-21	-12	-65	cell = 848 to 855
-22	-30	-24	-8	-64	-8	31	-41	cell = 856 to 863
11	5	-40	-23	-29	-22	-5	-11	cell = 864 to 871
-9	-4	-19	4	-46	27	-22	-46	cell = 872 to 879
5	-69	1	-15	27	-47	13	-4	cell = 880 to 887
-38	-64	-17	-24	10	-42	-27	1	cell = 888 to 895
-26	-23	-43	-31	-70	-21	-54	-46	cell = 896 to 903
-63	1	-21	2	-38	-19	9	-41	cell = 904 to 911
22	25	-12	-34	-35	-38	-6	-42	cell = 912 to 919
0	1	-22	-18	-54	-2	-39	-40	cell = 920 to 927
-3	22	-15	-4	-18	-14	-30	-69	cell = 928 to 935
-6	1	-52	-14	-10	2	-22	-22	cell = 936 to 943
-24	-6	-34	-42	25	23	-27	-60	cell = 944 to 951
-58	-45	-26	-50	-58	-34	-9	27	cell = 952 to 959
-44	18	3	20	-62	0	-31	-32	cell = 960 to 967
-11	-4	-40	-53	-21	-11	-30	-43	cell = 968 to 975
-10	-4	-34	-31	20	-26	-18	-3	cell = 976 to 983
-39	-21	-45	-39	-42	-9	-17	11	cell = 984 to 991
0	31	-4	-2	-39	-55	22	-18	cell = 992 to 999
-3	-30	-9	-25	-46	0	-26	-30	cell = 1000 to 1007
3	-18	-57	5	-46	-52	-28	-28	cell = 1008 to 1015
-79	-16	-7	9	6	-34	-70	-39	cell = 1016 to 1023
Calibration values from cell 0 to 1024 for channel 1:

30	-46	64	-2	8	-7	28	-19	cell = 0 to 7
44	9	38	-3	40	0	70	-4	cell = 8 to 15
76	25	88	-17	73	-45	61	-36	cell = 16 to 23
25	6	92	-21	56	18	40	-7	cell = 24 to 31
40	34	45	-7	44	-21	61	9	cell = 32 to 39
-14	-51	31	-9	43	-29	88	-22	cell = 40 to 47
2	-63	51	-2	32	26	40	4	cell = 48 to 55
62	-40	34	-47	29	-30	18	-7	cell = 56 to 63
66	-14	35	-2	36	-16	36	4	cell = 64 to 71
14	2	52	-19	62	-36	-8	1	cell = 72 to 79
37	-4	82	-34	79	-19	12	26	cell = 80 to 87
50	-44	55	-15	72	14	33	5	cell = 88 to 95
59	-12	43	-6	56	-33	31	23	cell = 96 to 103
31	-41	7	21	59	-14	47	-51	cell = 104 to 111
58	-58	46	-4	96	-29	84	15	cell = 112 to 119
9	-14	55	-86	29	6	4	9	cell = 120 to 127
50	-7	4	25	63	-26	69	-1	cell = 128 to 135
37	15	1	-20	33	-70	41	-38	cell = 136 to 143
67	-3	77	-14	12	-29	76	-27	cell = 144 to 151
-4	-19	53	-58	3	2	-21	-15	cell = 152 to 159
1	-24	7	-58	45	27	78	-48	cell = 160 to 167
-2	9	95	-7	43	-38	74	5	cell = 168 to 175
36	-5	78	19	53	3	53	-21	cell = 176 to 183
33	-14	31	46	25	-62	17	-17	cell = 184 to 191
52	-29	59	-29	51	33	-31	-6	cell = 192 to 199
57	13	47	-16	117	-41	27	0	cell = 200 to 207
47	-32	50	29	61	-17	82	-10	cell = 208 to 215
24	-17	34	17	64	35	52	-3	cell = 216 to 223
4	-33	52	-4	61	-49	57	-6	cell = 224 to 231
69	-5	21	-8	62	0	54	-7	cell = 232 to 239
75	9	79	16	39	-20	-10	-4	cell = 240 to 247
40	-48	68	5	64	9	53	9	cell = 248 to 255
30	29	1	-5	73	-40	9	-19	cell = 256 to 263
32	9	28	38	51	-51	25	1	cell = 264 to 271
9	-14	59	44	55	-12	43	11	cell = 272 to 279
36	-43	39	-2	35	-12	36	13	cell = 280 to 287
45	-36	65	15	45	20	48	20	cell = 288 to 295
38	-21	43	-21	48	-43	49	-9	cell = 296 to 303
51	-43	61	7	36	-8	75	-11	cell = 304 to 311
69	13	35	-45	81	39	9	24	cell = 312 to 319
38	9	38	24	40	-64	71	-52	cell = 320 to 327
39	-5	62	0	86	-21	41	-10	cell = 328 to 335
49	29	20	4	78	13	53	-39	cell = 336 to 343
71	-39	48	45	39	1	56	16	cell = 344 to 351
58	-27	37	-29	62	-58	54	24	cell = 352 to 359
40	-20	49	-24	53	-40	50	-10	cell = 360 to 367
10	-12	28	-3	55	6	28	17	cell = 368 to 375
10	-29	60	8	93	-2	24	-1	cell = 376 to 383
58	9	21	-15	50	-17	82	-12	cell = 384 to 391
1	18	17	39	25	-49	52	31	cell = 392 to 399
92	10	33	-40	71	28	22	0	cell = 400 to 407
63	-14	50	-1	65	11	40	10	cell = 408 to 415
27	54	68	11	47	-30	37	-30	cell = 416 to 423
37	-9	65	27	49	-9	53	-53	cell = 424 to 431
52	-14	71	7	53	-9	33	-5	cell = 432 to 439
0	-30	46	-46	35	-11	43	-14	cell = 440 to 447
73	-28	66	-6	50	2	40	-9	cell = 448 to 455
44	4	27	25	48	-28	48	16	cell = 456 to 463
70	7	101	5	34	-6	75	-37	cell = 464 to 471
30	-54	52	-26	67	-36	30	-13	cell = 472 to 479
67	-7	36	25	56	6	36	-6	cell = 480 to 487
56	-30	44	0	30	-22	55	-45	cell = 488 to 495
82	-42	-3	-37	-24	-89	-23	-63	cell = 496 to 503
43	-7	-3	9	60	6	53	5	cell = 504 to 511
-9	17	-30	-41	-2	-4	0	-47	cell = 512 to 519
-32	-41	-4	-79	-24	-17	-37	26	cell = 520 to 527
-15	-18	-18	-36	-50	0	-23	-1	cell = 528 to 535
25	-15	-25	-23	-2	21	0	8	cell = 536 to 543
-58	-21	7	-32	-25	-23	-2	-57	cell = 544 to 551
-11	15	19	15	4	-15	16	-9	cell = 552 to 559
-10	-13	-14	38	-38	2	-18	-39	cell = 560 to 567
-21	-4	-27	0	10	0	32	7	cell = 568 to 575
-24	-26	-20	-30	-10	-5	7	1	cell = 576 to 583
-19	-2	-64	10	-7	-12	36	-18	cell = 584 to 591
1	-53	-58	-35	-36	-11	-17	-16	cell = 592 to 599
-17	13	-45	-47	-32	-40	-47	-15	cell = 600 to 607
-16	-12	-25	-65	-31	4	-3	12	cell = 608 to 615
-13	-28	-37	-56	-2	2	-44	-10	cell = 616 to 623
-30	-12	-28	-14	-39	-7	-19	6	cell = 624 to 631
-58	-3	-55	-29	-16	-39	-14	14	cell = 632 to 639
-14	5	-30	-33	-28	-37	-23	-13	cell = 640 to 647
-39	-2	-5	-55	5	12	-8	-8	cell = 648 to 655
27	-11	1	-28	-3	-25	-22	-20	cell = 656 to 663
12	0	-22	-7	-27	14	-2	-44	cell = 664 to 671
-56	-8	-12	-24	-14	-30	28	-15	cell = 672 to 679
-65	29	-11	-16	-17	-23	4	-31	cell = 680 to 687
-29	-24	-8	-31	-26	-43	-37	-24	cell = 688 to 695
-66	17	16	-6	-30	9	-19	-74	cell = 696 to 703
-27	-21	-32	-52	0	-38	24	17	cell = 704 to 711
-19	-14	-50	-20	-37	-21	-44	19	cell = 712 to 719
-1	-35	-25	11	-25	-35	-54	-46	cell = 720 to 727
-27	-2	-29	8	-45	-35	-24	41	cell = 728 to 735
-38	19	8	-13	-13	-24	-29	15	cell = 736 to 743
-22	40	-26	-24	-43	-19	22	21	cell = 744 to 751
-25	-45	15	-10	-1	-11	8	0	cell = 752 to 759
-12	-87	33	-18	-24	-42	-2	-19	cell = 760 to 767
-9	-37	-38	-55	-33	-39	-6	0	cell = 768 to 775
-44	15	-55	-16	44	-24	-33	-22	cell = 776 to 783
6	-40	-14	-5	7	36	-11	-29	cell = 784 to 791
-19	-19	-3	18	-49	-63	-15	-13	cell = 792 to 799
-10	-8	-10	-63	-2	2	-3	-10	cell = 800 to 807
-45	-50	-6	0	-23	19	-21	-39	cell = 808 to 815
-20	-32	-51	-19	-30	-89	36	-34	cell = 816 to 823
-31	-42	27	19	-27	23	-32	-6	cell = 824 to 831
-49	-32	17	-26	-36	-39	-23	-24	cell = 832 to 839
-35	-40	-10	-6	34	-31	-43	10	cell = 840 to 847
-14	-5	-51	10	-5	-16	-32	-4	cell = 848 to 855
1	-2	21	8	-32	-31	-46	-41	cell = 856 to 863
-60	3	-27	-20	-8	-17	-30	7	cell = 864 to 871
15	-17	10	0	-46	-44	20	-25	cell = 872 to 879
-34	-11	-20	-4	-28	10	10	21	cell = 880 to 887
-49	-5	-15	23	-7	-20	-24	-16	cell = 888 to 895
7	-13	-51	-41	-46	-54	-21	-29	cell = 896 to 903
-50	-3	-21	-16	-58	-10	-55	-10	cell = 904 to 911
-23	-26	-59	-14	-10	-51	-26	-20	cell = 912 to 919
-9	11	-32	12	-40	-31	-4	-26	cell = 920 to 927
-3	-41	0	6	-8	35	-5	0	cell = 928 to 935
-11	6	-30	-3	-17	-7	-36	-28	cell = 936 to 943
-8	-5	-40	-46	-5	2	-9	12	cell = 944 to 951
-33	31	21	-14	-28	-21	-34	-2	cell = 952 to 959
-45	-18	-20	-11	-35	-33	-25	-6	cell = 960 to 967
-52	0	-7	-14	-66	3	-6	-2	cell = 968 to 975
-13	-10	-36	-36	20	10	-32	-72	cell = 976 to 983
-26	-27	-12	-37	-25	10	-29	-64	cell = 984 to 991
-72	-8	10	-34	0	21	10	42	cell = 992 to 999
-40	-8	-11	-31	0	9	4	-36	cell = 1000 to 1007
-53	-28	-43	-67	-50	-35	-9	-29	cell = 1008 to 1015
-19	-38	-23	-62	-28	-68	-46	-35	cell = 1016 to 1023
Calibration values from cell 0 to 1024 for channel 2:

42	24	44	-8	32	-53	65	-17	cell = 0 to 7
-7	10	52	-44	44	-12	80	0	cell = 8 to 15
43	18	25	-2	18	-8	31	-31	cell = 16 to 23
51	-4	23	-29	15	4	6	-25	cell = 24 to 31
35	-39	38	14	64	-61	20	-68	cell = 32 to 39
63	-12	52	-50	-9	13	-1	-14	cell = 40 to 47
60	-6	33	-8	36	-47	42	-52	cell = 48 to 55
21	9	11	-56	50	-25	36	-14	cell = 56 to 63
70	-18	14	29	112	-26	34	-32	cell = 64 to 71
19	-8	29	-14	19	-39	9	-37	cell = 72 to 79
84	28	35	21	27	-59	51	-13	cell = 80 to 87
73	-32	25	17	40	-38	60	-44	cell = 88 to 95
26	-26	103	-24	26	-19	-2	-40	cell = 96 to 103
97	-58	49	-8	53	35	40	13	cell = 104 to 111
71	11	40	-64	8	-23	55	6	cell = 112 to 119
40	20	51	-3	90	-29	22	-40	cell = 120 to 127
78	14	45	-23	54	20	44	30	cell = 128 to 135
72	2	36	13	73	-35	64	26	cell = 136 to 143
41	-21	80	8	39	10	44	-6	cell = 144 to 151
21	0	39	-2	62	-23	48	-39	cell = 152 to 159
62	19	56	-5	53	-12	64	32	cell = 160 to 167
68	4	63	-1	30	-4	52	23	cell = 168 to 175
23	-20	60	-9	67	-36	41	42	cell = 176 to 183
27	-24	34	-16	100	4	22	16	cell = 184 to 191
42	-43	91	11	47	3	13	-8	cell = 192 to 199
45	44	19	-69	23	-23	58	-19	cell = 200 to 207
43	-29	69	-40	14	2	50	12	cell = 208 to 215
53	-52	55	10	77	-6	35	2	cell = 216 to 223
17	-41	52	22	50	-44	38	37	cell = 224 to 231
25	10	41	-22	49	-26	18	-13	cell = 232 to 239
37	3	41	-26	64	-17	41	-18	cell = 240 to 247
38	-13	72	-7	19	6	-9	-15	cell = 248 to 255
25	-39	4	17	14	-2	30	22	cell = 256 to 263
49	23	14	-10	8	-22	63	-22	cell = 264 to 271
34	-26	54	-55	14	2	1	-44	cell = 272 to 279
14	-4	47	45	67	-68	52	25	cell = 280 to 287
-11	16	31	-17	48	15	8	32	cell = 288 to 295
33	-48	27	18	33	-33	60	-11	cell = 296 to 303
5	-14	29	9	43	-30	23	-18	cell = 304 to 311
103	4	42	22	26	-14	70	-28	cell = 312 to 319
87	27	38	-10	78	-9	25	-13	cell = 320 to 327
45	-8	1	20	17	1	71	19	cell = 328 to 335
27	-26	69	-45	51	44	47	-27	cell = 336 to 343
28	-46	26	2	62	18	32	15	cell = 344 to 351
56	-32	34	-2	34	16	10	22	cell = 352 to 359
90	-18	79	2	30	-10	30	7	cell = 360 to 367
31	5	32	15	84	-4	97	-3	cell = 368 to 375
54	-36	39	-23	69	-28	26	11	cell = 376 to 383
63	-49	70	-1	60	35	48	-42	cell = 384 to 391
60	-31	59	22	-27	20	35	-1	cell = 392 to 399
42	-18	-7	0	66	26	43	-11	cell = 400 to 407
24	20	51	-59	57	28	97	7	cell = 408 to 415
63	9	48	9	34	13	25	-20	cell = 416 to 423
32	-27	85	0	24	3	23	-30	cell = 424 to 431
48	4	63	-11	39	-34	22	10	cell = 432 to 439
37	8	38	10	25	-43	-8	-17	cell = 440 to 447
76	4	53	15	18	-5	75	46	cell = 448 to 455
33	-25	17	3	53	-32	12	-10	cell = 456 to 463
31	-33	94	-32	64	-22	77	-24	cell = 464 to 471
57	40	61	52	38	-7	31	-14	cell = 472 to 479
60	-16	71	9	-9	-42	79	7	cell = 480 to 487
58	-25	46	52	66	-12	75	-8	cell = 488 to 495
53	12	-9	-84	-25	-83	1	-79	cell = 496 to 503
103	2	83	-18	57	-13	46	-36	cell = 504 to 511
27	-10	-15	-13	-43	-5	-57	9	cell = 512 to 519
4	-54	0	-58	-17	1	-35	16	cell = 520 to 527
-42	27	30	0	-7	21	-14	-48	cell = 528 to 535
-38	-29	-42	-18	-13	6	-25	-13	cell = 536 to 543
-41	9	-22	-14	31	-25	6	7	cell = 544 to 551
-2	-39	-49	8	-42	12	-18	52	cell = 552 to 559
-10	28	-4	4	-3	3	-11	-73	cell = 560 to 567
-43	2	-27	-10	-25	-5	-33	2	cell = 568 to 575
-19	-30	-9	6	-12	-49	-3	-33	cell = 576 to 583
-31	43	-60	0	12	-8	-28	-58	cell = 584 to 591
-26	-46	6	4	-19	3	19	-41	cell = 592 to 599
-17	-40	-8	-22	-28	11	48	3	cell = 600 to 607
-18	-22	-23	-33	-19	1	-17	38	cell = 608 to 615
-52	11	-39	4	34	-8	-38	-8	cell = 616 to 623
-62	-15	1	9	-9	11	-19	37	cell = 624 to 631
-10	-7	11	-23	-64	-11	-25	-36	cell = 632 to 639
-26	-7	19	8	-45	16	-8	2	cell = 640 to 647
-37	-8	16	-57	-3	-31	-10	-21	cell = 648 to 655
17	9	-50	-10	-18	-25	-31	20	cell = 656 to 663
-43	14	-11	-21	-40	15	-19	25	cell = 664 to 671
-8	1	-1	2	-27	-25	-40	-17	cell = 672 to 679
-23	26	-3	-45	-13	-28	-4	-64	cell = 680 to 687
-32	-1	-45	2	-22	-42	14	10	cell = 688 to 695
-33	-54	-14	-45	5	-12	-8	-16	cell = 696 to 703
-8	-11	-59	-19	-24	-17	7	-44	cell = 704 to 711
-17	-3	12	-47	-34	-39	-18	-29	cell = 712 to 719
1	22	-19	-45	-57	3	-16	-28	cell = 720 to 727
-23	27	38	-2	-8	-26	-78	1	cell = 728 to 735
-6	-27	-2	-8	-23	5	-26	-23	cell = 736 to 743
38	-8	-29	-42	-51	15	-20	-16	cell = 744 to 751
-74	2	-47	-28	-19	-6	-15	-29	cell = 752 to 759
-49	-2	-22	-35	-8	-32	-25	-22	cell = 760 to 767
-9	-8	-26	-19	2	-9	-39	-17	cell = 768 to 775
21	4	-52	-7	-14	-52	3	-60	cell = 776 to 783
-61	-17	-32	14	8	-36	-27	-32	cell = 784 to 791
2	-42	-51	-26	-43	-18	-28	-26	cell = 792 to 799
-25	-6	-7	-7	-55	-24	5	3	cell = 800 to 807
-7	-11	38	-11	4	-2	-27	-1	cell = 808 to 815
-14	-9	12	-21	4	1	-26	-13	cell = 816 to 823
8	32	-21	-23	-8	-48	-16	6	cell = 824 to 831
-42	30	2	-17	-33	-22	-8	-30	cell = 832 to 839
-3	-8	26	2	-51	0	-1	-52	cell = 840 to 847
-5	-9	-50	-5	-27	-54	-22	-30	cell = 848 to 855
-18	35	-24	55	0	-36	-11	-35	cell = 856 to 863
-23	-17	-47	-33	-13	7	-16	-52	cell = 864 to 871
-19	-28	-7	-22	-4	17	7	-19	cell = 872 to 879
-30	-29	-44	-28	2	-61	-14	4	cell = 880 to 887
-35	-29	-28	-57	-50	10	-32	-23	cell = 888 to 895
-33	-58	-38	-11	-33	17	-15	-47	cell = 896 to 903
12	-23	-68	-31	0	18	-48	-20	cell = 904 to 911
-15	-14	-2	-15	-10	-22	-12	-6	cell = 912 to 919
15	6	0	-79	-56	-2	-15	-4	cell = 920 to 927
6	8	-26	-60	-32	-32	-28	23	cell = 928 to 935
-57	-17	-45	0	-26	-20	-25	-39	cell = 936 to 943
-6	-25	-31	-6	-42	29	-35	-46	cell = 944 to 951
-60	-27	33	-58	-11	10	-36	-22	cell = 952 to 959
-39	11	3	-10	-60	13	-18	-41	cell = 960 to 967
10	-42	-7	-71	8	27	16	-47	cell = 968 to 975
-55	-23	7	-27	-20	-42	-22	-52	cell = 976 to 983
5	-26	-39	-9	11	-35	14	-35	cell = 984 to 991
8	-41	11	-26	-24	-18	-47	-3	cell = 992 to 999
-30	-39	-21	-22	-44	-20	3	-6	cell = 1000 to 1007
-29	17	-44	-43	-46	-56	-37	-55	cell = 1008 to 1015
19	3	-8	-26	0	-17	-43	-34	cell = 1016 to 1023
Calibration values from cell 0 to 1024 for channel 3:

9	-16	20	20	69	-38	15	-20	cell = 0 to 7
58	-13	-7	0	37	26	-23	-22	cell = 8 to 15
30	3	35	5	49	-3	15	-29	cell = 16 to 23
19	-26	61	7	48	6	35	-15	cell = 24 to 31
-6	6	54	-15	39	-26	2	10	cell = 32 to 39
75	-5	42	0	63	-40	28	4	cell = 40 to 47
65	-47	88	14	44	5	25	-8	cell = 48 to 55
63	-29	61	10	58	-21	1	-24	cell = 56 to 63
35	-13	9	-34	41	-5	47	16	cell = 64 to 71
62	-22	66	-7	42	-4	56	-9	cell = 72 to 79
51	16	59	-16	115	-9	41	3	cell = 80 to 87
47	-14	80	-26	46	-54	62	-5	cell = 88 to 95
54	-18	42	2	68	-11	26	-29	cell = 96 to 103
69	-23	22	2	75	-20	21	-9	cell = 104 to 111
32	-15	-2	6	57	-12	74	-58	cell = 112 to 119
32	-36	50	-52	100	14	68	8	cell = 120 to 127
56	-22	53	-40	65	10	35	1	cell = 128 to 135
55	-2	50	12	60	8	-4	-39	cell = 136 to 143
18	-57	43	-8	44	-8	44	18	cell = 144 to 151
56	-19	57	19	51	-17	23	-27	cell = 152 to 159
43	-9	0	-31	54	9	37	40	cell = 160 to 167
64	4	19	14	30	-4	76	10	cell = 168 to 175
5	-17	26	-37	59	-10	44	-11	cell = 176 to 183
29	-7	23	0	89	32	29	13	cell = 184 to 191
14	-4	45	-30	34	-39	50	8	cell = 192 to 199
10	23	62	-27	27	-31	2	3	cell = 200 to 207
57	-50	42	-24	8	-23	43	20	cell = 208 to 215
55	-34	33	-6	58	4	32	-23	cell = 216 to 223
35	8	15	-11	17	1	62	-1	cell = 224 to 231
32	7	20	-11	81	-13	36	-19	cell = 232 to 239
22	2	28	-27	42	7	17	14	cell = 240 to 247
60	-33	67	-29	45	-23	14	-64	cell = 248 to 255
69	-40	65	-5	50	-40	34	-19	cell = 256 to 263
57	-5	39	-26	34	7	28	14	cell = 264 to 271
33	27	47	-46	83	-23	34	12	cell = 272 to 279
28	27	49	-23	88	-7	45	9	cell = 280 to 287
25	-1	42	-12	36	-39	54	-4	cell = 288 to 295
60	6	47	1	42	-40	38	-25	cell = 296 to 303
46	-14	42	11	42	21	33	-1	cell = 304 to 311
48	18	10	-25	-7	5	15	-25	cell = 312 to 319
64	-19	48	-28	58	-13	31	-20	cell = 320 to 327
74	-22	45	31	52	-17	27	28	cell = 328 to 335
76	-35	8	-17	41	-38	70	10	cell = 336 to 343
41	3	81	-46	85	2	8	-24	cell = 344 to 351
79	-7	66	7	81	1	84	-8	cell = 352 to 359
37	-18	38	32	86	2	46	-6	cell = 360 to 367
102	-15	38	36	48	-10	41	-17	cell = 368 to 375
9	-38	51	2	73	17	53	-31	cell = 376 to 383
32	-19	54	7	53	-39	3	5	cell = 384 to 391
57	-14	1	31	26	-27	59	-37	cell = 392 to 399
57	-23	24	-26	71	-8	29	-2	cell = 400 to 407
22	-54	53	-11	38	-60	44	-4	cell = 408 to 415
86	-8	39	-25	72	-17	65	15	cell = 416 to 423
61	-20	78	2	78	-2	60	-9	cell = 424 to 431
67	21	62	43	68	-5	68	14	cell = 432 to 439
49	-5	62	9	42	-16	47	44	cell = 440 to 447
44	5	8	-12	33	-69	55	-29	cell = 448 to 455
54	20	30	-33	53	-13	7	31	cell = 456 to 463
66	-17	56	-26	84	-28	68	23	cell = 464 to 471
25	-19	17	-26	42	20	1	-26	cell = 472 to 479
63	15	59	-2	67	16	86	-30	cell = 480 to 487
51	3	73	-23	39	1	91	-1	cell = 488 to 495
70	10	-13	-73	-65	-86	-57	-47	cell = 496 to 503
61	27	65	14	56	1	51	-3	cell = 504 to 511
-7	-35	-25	-23	-50	-48	17	-60	cell = 512 to 519
-22	-55	-8	22	16	-6	-1	-14	cell = 520 to 527
-25	-17	1	-49	0	-34	16	16	cell = 528 to 535
-13	-28	43	-23	-10	0	-18	4	cell = 536 to 543
-6	-5	13	-18	-11	24	0	-30	cell = 544 to 551
-11	-5	9	-32	-34	-34	3	-5	cell = 552 to 559
29	-6	-10	5	23	-40	-5	-18	cell = 560 to 567
-6	-22	-13	-67	-5	-7	18	-52	cell = 568 to 575
8	-33	14	-4	-24	3	23	-41	cell = 576 to 583
-29	-31	-20	-38	-36	31	12	-30	cell = 584 to 591
-11	-20	7	-29	-40	19	-37	-36	cell = 592 to 599
21	8	-23	-21	0	-45	-31	10	cell = 600 to 607
-28	-7	-7	-11	-41	-23	-4	11	cell = 608 to 615
11	-19	12	-16	-27	3	11	-40	cell = 616 to 623
-55	-2	-52	27	23	10	-46	-50	cell = 624 to 631
5	7	-49	0	17	28	-17	-31	cell = 632 to 639
-12	-43	-19	-46	-8	1	-5	-15	cell = 640 to 647
-42	-16	16	-3	8	-6	-40	-41	cell = 648 to 655
44	-30	-10	-12	-6	-42	0	-43	cell = 656 to 663
18	-9	-63	-7	-18	-31	5	-30	cell = 664 to 671
-69	-13	27	-6	-33	-23	-10	15	cell = 672 to 679
-30	-20	-6	-21	-36	-23	-8	-32	cell = 680 to 687
-46	-20	-18	-15	-37	-55	-18	-31	cell = 688 to 695
-53	-30	-15	-45	-14	3	-13	-34	cell = 696 to 703
-48	-29	-21	6	-11	-15	2	9	cell = 704 to 711
-61	-15	-49	-31	20	-30	21	-37	cell = 712 to 719
5	-3	-22	4	-33	-4	-49	-10	cell = 720 to 727
-17	-17	-36	-6	-81	-3	-25	-36	cell = 728 to 735
4	-42	-43	-22	20	-37	17	-4	cell = 736 to 743
-62	-26	8	-20	-18	-45	-2	-69	cell = 744 to 751
-11	-38	-50	-34	5	-8	-43	0	cell = 752 to 759
12	-32	-18	26	2	-54	3	-7	cell = 760 to 767
29	-14	8	-5	-42	17	-10	-47	cell = 768 to 775
-43	-45	-7	8	-41	-38	-16	-4	cell = 776 to 783
35	19	-34	34	-30	-23	-80	-40	cell = 784 to 791
-7	22	0	-22	-17	-35	-20	-33	cell = 792 to 799
-13	-1	-29	11	-3	-32	-21	30	cell = 800 to 807
-10	-39	-17	2	-36	-14	-5	-18	cell = 808 to 815
-4	-11	-32	3	-32	-10	-40	16	cell = 816 to 823
-38	-12	5	-27	-3	-45	7	12	cell = 824 to 831
-23	-10	-2	39	-47	-41	0	14	cell = 832 to 839
12	0	-15	-29	-47	0	6	-20	cell = 840 to 847
-35	-16	-47	-22	-3	-43	-10	-21	cell = 848 to 855
-29	-32	9	-9	-45	-27	-37	-17	cell = 856 to 863
-7	-13	0	-18	-1	-37	28	12	cell = 864 to 871
-6	12	-20	9	-33	-38	-1	-29	cell = 872 to 879
-2	-21	-12	-25	-29	-46	-31	3	cell = 880 to 887
-12	-35	36	-61	-22	-18	5	-58	cell = 888 to 895
-40	0	-37	-42	-35	-31	-7	-16	cell = 896 to 903
3	-21	29	-4	-10	10	-14	-57	cell = 904 to 911
-50	-50	-9	35	-33	-38	-32	-46	cell = 912 to 919
-6	-30	2	-18	-25	-67	-25	-13	cell = 920 to 927
-40	-58	-16	-5	-21	17	3	35	cell = 928 to 935
-23	-44	-29	-29	-42	-13	0	-27	cell = 936 to 943
-33	17	25	-27	-51	-21	-7	-43	cell = 944 to 951
-27	-21	-37	-30	-21	-3	-46	-7	cell = 952 to 959
-28	-58	-46	-53	-49	-43	8	-35	cell = 960 to 967
-9	-37	-38	-30	-39	-21	-13	-63	cell = 968 to 975
-38	-10	-19	-34	20	-21	15	-34	cell = 976 to 983
-40	-39	17	-51	-78	-13	-17	-29	cell = 984 to 991
-57	-14	-7	-55	2	-46	20	-35	cell = 992 to 999
-19	-11	-19	-36	-22	-18	-21	-21	cell = 1000 to 1007
-6	-44	-11	-21	-16	-68	-59	-37	cell = 1008 to 1015
-26	-22	1	-21	-49	-4	4	-22	cell = 1016 to 1023
Calibration values from cell 0 to 1024 for channel 4:

20	-36	9	42	68	1	66	-9	cell = 0 to 7
34	-29	28	-41	29	0	33	7	cell = 8 to 15
14	-21	44	10	50	-7	31	12	cell = 16 to 23
50	-25	40	15	64	-4	68	38	cell = 24 to 31
29	17	27	-14	35	19	13	4	cell = 32 to 39
48	-43	9	-22	36	0	70	-53	cell = 40 to 47
65	-13	40	-27	57	-12	18	-32	cell = 48 to 55
58	-6	48	-27	49	-16	13	-18	cell = 56 to 63
58	-47	45	-18	50	-3	-18	-7	cell = 64 to 71
26	-23	58	9	63	-3	20	-18	cell = 72 to 79
8	-24	32	-17	48	-17	31	-6	cell = 80 to 87
65	-21	89	-7	0	14	74	-34	cell = 88 to 95
46	34	10	-27	75	-12	36	-15	cell = 96 to 103
46	31	73	-23	23	-58	67	-30	cell = 104 to 111
22	39	53	25	31	-2	12	2	cell = 112 to 119
24	1	71	25	45	-3	48	-19	cell = 120 to 127
31	-44	44	6	24	-27	32	10	cell = 128 to 135
52	14	54	-21	55	-34	59	-38	cell = 136 to 143
40	-25	37	44	50	-35	51	14	cell = 144 to 151
52	-28	32	30	56	10	23	4	cell = 152 to 159
52	-2	55	14	27	-20	-9	40	cell = 160 to 167
39	-25	29	-2	85	-5	-4	37	cell = 168 to 175
76	9	71	-4	43	-22	25	3	cell = 176 to 183
42	-22	36	-29	88	-1	55	-17	cell = 184 to 191
62	-20	23	5	54	-3	-9	9	cell = 192 to 199
86	-21	37	16	98	-59	32	8	cell = 200 to 207
66	-12	7	2	45	-38	-14	26	cell = 208 to 215
34	-10	16	-13	56	-2	40	-19	cell = 216 to 223
20	-11	34	8	11	-19	46	24	cell = 224 to 231
40	-52	28	-17	47	14	42	10	cell = 232 to 239
72	-21	44	-35	74	-21	25	16	cell = 240 to 247
90	7	21	27	32	-39	65	-3	cell = 248 to 255
48	-50	21	17	36	-31	61	-15	cell = 256 to 263
10	-3	33	36	35	-12	66	5	cell = 264 to 271
59	8	30	-11	60	-5	72	48	cell = 272 to 279
90	-12	33	27	57	10	36	-17	cell = 280 to 287
32	-27	-14	-4	68	3	35	37	cell = 288 to 295
51	4	46	29	82	-29	60	2	cell = 296 to 303
85	-41	50	24	64	-26	25	-12	cell = 304 to 311
31	33	1	-17	36	-37	16	8	cell = 312 to 319
34	13	48	-14	46	-32	-1	-9	cell = 320 to 327
44	1	16	10	22	17	46	-1	cell = 328 to 335
48	-42	40	1	28	19	40	-2	cell = 336 to 343
17	6	81	-17	47	13	-6	-23	cell = 344 to 351
5	-1	31	-40	62	27	46	16	cell = 352 to 359
16	-56	63	-2	95	-5	37	-26	cell = 360 to 367
33	-44	48	39	59	10	21	-32	cell = 368 to 375
33	-28	45	9	88	13	39	-26	cell = 376 to 383
46	-12	65	-48	73	12	25	-29	cell = 384 to 391
30	-7	53	-27	49	-16	22	1	cell = 392 to 399
5	26	70	32	53	4	68	11	cell = 400 to 407
84	-7	41	-10	38	-5	38	15	cell = 408 to 415
53	-37	52	11	63	-12	40	-30	cell = 416 to 423
55	22	66	-5	42	-32	14	28	cell = 424 to 431
79	1	11	-6	57	-2	27	-37	cell = 432 to 439
20	-30	39	10	82	27	28	-17	cell = 440 to 447
53	-17	59	-33	23	-21	68	24	cell = 448 to 455
93	-22	47	9	9	-16	41	-24	cell = 456 to 463
38	-5	87	-20	63	-2	18	-34	cell = 464 to 471
66	-52	11	0	46	19	30	18	cell = 472 to 479
33	2	58	-52	64	-19	74	-19	cell = 480 to 487
34	-23	57	-40	76	13	43	-44	cell = 488 to 495
39	-11	-36	-94	-20	-105	-11	-43	cell = 496 to 503
78	27	42	5	50	11	65	21	cell = 504 to 511
18	-14	-37	-38	-42	-38	-10	-54	cell = 512 to 519
-20	16	14	17	-35	9	22	-14	cell = 520 to 527
0	-12	-21	-24	-18	-36	-28	21	cell = 528 to 535
-23	0	17	-42	-49	22	1	5	cell = 536 to 543
-59	-5	-11	-39	-7	-18	33	2	cell = 544 to 551
-46	37	-7	5	23	33	7	8	cell = 552 to 559
-18	5	-6	-79	-14	-14	-20	-24	cell = 560 to 567
3	-7	-6	-11	-37	-5	-20	8	cell = 568 to 575
-11	-22	-37	-25	-48	31	-26	-32	cell = 576 to 583
2	-27	-75	-16	-21	-78	39	-49	cell = 584 to 591
-24	-31	33	10	-25	30	-37	-26	cell = 592 to 599
-22	31	-3	12	-27	-31	8	-22	cell = 600 to 607
-53	-20	-20	-31	-20	-14	42	-18	cell = 608 to 615
-23	-5	-4	-42	-20	-61	-11	-11	cell = 616 to 623
-51	-5	18	-54	6	3	-27	-9	cell = 624 to 631
-11	1	13	-12	1	9	-22	-28	cell = 632 to 639
-24	9	-52	12	-21	1	-19	-43	cell = 640 to 647
-53	9	-55	-36	32	-33	-17	-31	cell = 648 to 655
-20	-10	-37	-44	-37	-32	-37	-41	cell = 656 to 663
26	-1	-3	-37	2	36	-3	-28	cell = 664 to 671
-35	-16	-18	-48	-8	16	17	-19	cell = 672 to 679
-29	-6	-35	18	-3	-57	-28	5	cell = 680 to 687
-5	-10	-15	28	-17	14	-27	-31	cell = 688 to 695
12	-18	-16	-36	-36	-26	-13	-50	cell = 696 to 703
-25	18	-14	-3	-2	7	2	15	cell = 704 to 711
23	-55	-23	-49	-24	8	1	6	cell = 712 to 719
15	-51	4	-16	-33	5	-23	6	cell = 720 to 727
-49	-33	19	-5	-41	-54	-35	12	cell = 728 to 735
-65	-14	-25	-11	-11	16	9	5	cell = 736 to 743
-47	10	-19	-28	-31	19	-46	-25	cell = 744 to 751
-12	-4	-25	15	-43	-21	-21	-27	cell = 752 to 759
-20	26	31	-26	-34	0	-68	-26	cell = 760 to 767
-44	-49	-33	0	-31	-63	-13	-14	cell = 768 to 775
-1	-30	-23	-6	-54	-15	19	4	cell = 776 to 783
-1	-9	-39	9	-33	35	0	-15	cell = 784 to 791
0	-2	34	6	-50	-64	-22	-14	cell = 792 to 799
1	-36	6	5	-27	-68	-55	-46	cell = 800 to 807
4	-42	-30	-53	-55	9	-24	-14	cell = 808 to 815
-32	20	-5	-9	-11	-23	-45	2	cell = 816 to 823
-42	-14	-41	4	13	-22	7	-46	cell = 824 to 831
-68	1	-25	-34	-6	-44	-18	-14	cell = 832 to 839
-4	-2	-60	13	6	-16	-20	-62	cell = 840 to 847
-26	-21	-57	18	-29	-7	-26	-37	cell = 848 to 855
-72	-37	-36	-27	-49	-24	-34	-22	cell = 856 to 863
-17	1	-2	0	-9	-28	-40	-4	cell = 864 to 871
-73	15	22	-12	-19	-19	21	28	cell = 872 to 879
2	-38	-42	-42	-35	-23	-53	-23	cell = 880 to 887
-43	-15	-30	-59	12	3	17	-21	cell = 888 to 895
-44	-62	-35	-57	-26	-70	-40	-56	cell = 896 to 903
16	-22	-20	-29	20	-45	-6	-11	cell = 904 to 911
-34	-20	-36	-24	-40	-9	-15	-24	cell = 912 to 919
6	-13	-10	-4	-36	-13	-29	5	cell = 920 to 927
5	-28	-6	-14	-18	-55	-22	-29	cell = 928 to 935
-26	7	-18	8	-23	-32	-16	-17	cell = 936 to 943
33	-62	-24	-27	-16	-27	-32	10	cell = 944 to 951
-13	-31	1	-36	-23	-40	-12	-89	cell = 952 to 959
-48	8	-17	-4	14	-23	24	27	cell = 960 to 967
-29	-29	1	-12	-33	-32	-43	-21	cell = 968 to 975
-6	-56	-53	-12	-12	-9	-33	-37	cell = 976 to 983
-42	-22	5	10	5	-30	3	-17	cell = 984 to 991
23	-5	-42	-46	-2	-38	19	-20	cell = 992 to 999
-37	-1	-12	-18	-14	-45	-37	-17	cell = 1000 to 1007
12	-44	-50	-66	-48	19	-58	-32	cell = 1008 to 1015
-33	-25	-32	-49	14	-16	-27	-16	cell = 1016 to 1023
Calibration values from cell 0 to 1024 for channel 5:

50	-39	82	34	38	-22	41	-44	cell = 0 to 7
53	6	31	-9	38	-17	52	-32	cell = 8 to 15
50	-24	73	44	80	-26	61	31	cell = 16 to 23
40	-28	60	-26	2	-7	0	-18	cell = 24 to 31
50	35	62	16	56	-40	64	10	cell = 32 to 39
49	6	27	-59	17	-31	-9	-9	cell = 40 to 47
47	-6	23	-10	28	6	60	-32	cell = 48 to 55
11	-26	21	2	55	-16	37	45	cell = 56 to 63
29	-2	29	-7	19	-19	43	-39	cell = 64 to 71
59	-58	45	-12	70	-27	101	13	cell = 72 to 79
55	-27	29	-2	70	-35	38	13	cell = 80 to 87
19	-7	29	7	64	1	52	-21	cell = 88 to 95
96	-30	7	2	79	27	42	-78	cell = 96 to 103
35	8	26	-21	36	-11	49	3	cell = 104 to 111
46	-30	74	-40	28	10	41	-5	cell = 112 to 119
36	3	45	-21	22	18	24	5	cell = 120 to 127
-1	-20	1	1	11	-16	58	9	cell = 128 to 135
55	-16	48	-6	33	-17	53	-19	cell = 136 to 143
125	1	41	7	80	-36	89	6	cell = 144 to 151
51	-54	34	17	54	4	34	-2	cell = 152 to 159
58	-25	-2	30	22	-17	61	15	cell = 160 to 167
21	24	106	2	16	-11	79	-19	cell = 168 to 175
31	45	68	-35	25	-29	76	5	cell = 176 to 183
77	-34	49	6	58	-53	61	-16	cell = 184 to 191
39	-31	45	-36	16	-28	31	31	cell = 192 to 199
45	-5	39	44	95	-37	-5	16	cell = 200 to 207
32	-48	38	7	31	22	40	-8	cell = 208 to 215
49	-34	100	0	47	19	36	-28	cell = 216 to 223
42	6	33	-34	82	52	42	-36	cell = 224 to 231
3	-36	42	-22	6	-12	74	-25	cell = 232 to 239
21	10	25	-8	35	36	39	-7	cell = 240 to 247
46	31	82	0	59	-7	44	-24	cell = 248 to 255
53	-37	32	-45	38	-75	58	-13	cell = 256 to 263
69	13	-9	-30	-3	-25	85	4	cell = 264 to 271
38	-11	31	12	43	-3	45	59	cell = 272 to 279
38	-38	35	-16	71	9	20	44	cell = 280 to 287
96	-44	119	-23	61	-20	33	-10	cell = 288 to 295
63	-51	52	-37	71	-7	42	-4	cell = 296 to 303
29	-14	30	-39	44	0	44	36	cell = 304 to 311
88	-27	64	4	33	-12	60	14	cell = 312 to 319
77	-39	70	-26	33	-10	16	30	cell = 320 to 327
61	46	64	-13	60	-28	25	4	cell = 328 to 335
57	-20	66	1	61	-13	76	6	cell = 336 to 343
18	-66	38	-5	54	25	47	-31	cell = 344 to 351
49	1	32	-6	74	-30	15	35	cell = 352 to 359
58	-32	-7	19	47	3	22	-4	cell = 360 to 367
26	-56	65	-32	34	-43	3	-47	cell = 368 to 375
50	17	14	13	40	41	26	-8	cell = 376 to 383
26	-54	51	15	77	-30	46	-36	cell = 384 to 391
46	-36	70	-3	61	-17	71	-29	cell = 392 to 399
56	-33	52	20	9	-7	49	-5	cell = 400 to 407
32	26	41	-35	20	-27	20	-17	cell = 408 to 415
17	-36	32	14	79	29	59	9	cell = 416 to 423
44	-8	109	-15	52	-22	19	13	cell = 424 to 431
40	-46	-1	2	67	-21	11	-43	cell = 432 to 439
73	1	27	-17	65	1	55	-18	cell = 440 to 447
45	-47	66	-20	39	10	13	10	cell = 448 to 455
31	-29	34	13	67	-49	21	45	cell = 456 to 463
90	16	21	24	42	-21	97	7	cell = 464 to 471
66	-55	68	18	44	1	54	22	cell = 472 to 479
69	-14	20	-47	98	4	29	-15	cell = 480 to 487
36	4	43	-17	54	-13	39	31	cell = 488 to 495
68	-25	-44	-64	-47	-84	-8	-63	cell = 496 to 503
96	-14	79	10	66	-36	69	18	cell = 504 to 511
8	-2	-28	8	10	11	-28	3	cell = 512 to 519
-12	27	-26	-18	-11	-37	3	-61	cell = 520 to 527
4	10	44	-55	8	-42	-33	-12	cell = 528 to 535
-4	-33	-37	-42	-6	-14	7	13	cell = 536 to 543
-26	-9	-5	-27	-8	-45	7	-63	cell = 544 to 551
-58	-45	10	-25	-5	2	-33	-26	cell = 552 to 559
-12	19	-9	-45	-24	18	31	9	cell = 560 to 567
-1	-12	30	-2	-12	-4	-15	-26	cell = 568 to 575
-40	-5	-3	-30	-11	-10	-55	-23	cell = 576 to 583
-5	-38	-20	-77	35	15	-38	1	cell = 584 to 591
-58	0	16	0	-36	-7	-11	-33	cell = 592 to 599
7	-63	24	-19	10	-8	-37	-42	cell = 600 to 607
-49	-38	32	6	-28	-23	18	-7	cell = 608 to 615
-38	-12	-13	-12	-17	0	-14	-5	cell = 616 to 623
-13	-17	-19	0	7	-46	-21	-11	cell = 624 to 631
5	-18	-12	-31	-8	-9	8	-14	cell = 632 to 639
-21	-65	24	-40	-19	-2	-16	-20	cell = 640 to 647
4	50	49	16	-8	-13	-37	-43	cell = 648 to 655
-39	-17	6	-59	-2	-4	6	-21	cell = 656 to 663
-24	3	-33	-16	24	-43	-30	-24	cell = 664 to 671
-64	1	-4	-4	-1	36	-9	8	cell = 672 to 679
3	33	33	-59	-28	-4	7	36	cell = 680 to 687
-25	48	-30	-49	-45	25	-24	0	cell = 688 to 695
-15	6	-30	-20	0	-35	-9	1	cell = 696 to 703
-29	-17	-52	-26	-35	-15	-12	-29	cell = 704 to 711
21	-15	-24	-50	20	-34	32	-11	cell = 712 to 719
-37	-9	35	-10	-56	-14	-18	-15	cell = 720 to 727
-81	-23	0	-17	29	32	-13	-19	cell = 728 to 735
-17	23	-8	-6	-8	-27	29	-1	cell = 736 to 743
-66	-36	-22	-26	-27	-43	31	14	cell = 744 to 751
-16	30	-14	-55	-5	-5	-10	-29	cell = 752 to 759
-52	-15	28	-21	-32	4	-49	-43	cell = 760 to 767
-15	-5	-2	-22	-19	-8	-14	-48	cell = 768 to 775
-37	-4	9	30	-12	-75	-35	-21	cell = 776 to 783
-43	-68	-16	-4	12	6	-1	-16	cell = 784 to 791
50	21	-23	-21	-41	-26	11	24	cell = 792 to 799
4	-16	-75	-52	-4	-2	-17	-23	cell = 800 to 807
-11	-33	-36	-52	-28	-17	13	-7	cell = 808 to 815
-4	-21	-28	-39	-44	-29	-28	-20	cell = 816 to 823
28	-58	-71	-38	-69	-36	-15	-21	cell = 824 to 831
-29	13	-24	-34	16	20	-54	-4	cell = 832 to 839
-13	-9	27	-22	-36	-26	-20	-11	cell = 840 to 847
-14	-22	25	5	-5	-22	-8	-18	cell = 848 to 855
-3	-32	6	-3	-3	-35	-51	16	cell = 856 to 863
-45	-13	-11	-47	-8	12	-24	-21	cell = 864 to 871
-38	-45	-3	-32	-49	22	-21	-15	cell = 872 to 879
-29	2	-22	-37	-26	-59	-41	-30	cell = 880 to 887
-4	-37	12	-54	-54	-27	10	-44	cell = 888 to 895
-23	-34	8	5	-29	-4	-23	-36	cell = 896 to 903
5	0	-10	-39	-53	-4	-79	-23	cell = 904 to 911
-29	0	-16	-38	-30	-32	-41	-24	cell = 912 to 919
10	-7	-5	-21	-44	-10	-13	-30	cell = 920 to 927
-3	-33	-12	-24	-23	-38	-16	-17	cell = 928 to 935
-26	-4	-4	-32	-31	5	-13	-65	cell = 936 to 943
-12	-15	-22	-58	-52	-45	3	1	cell = 944 to 951
-63	-24	11	-11	-2	-2	-32	-60	cell = 952 to 959
-46	-24	3	33	-42	-57	-26	-4	cell = 960 to 967
-33	-8	9	-37	-71	-47	23	-59	cell = 968 to 975
-32	-40	-33	-44	-21	-28	0	-30	cell = 976 to 983
-4	-7	-20	-20	-47	-69	26	-70	cell = 984 to 991
-3	-29	-14	-30	-39	-18	-38	19	cell = 992 to 999
-50	-31	-6	-27	-23	-36	-7	-49	cell = 1000 to 1007
-15	-21	-41	-68	-48	7	-45	-32	cell = 1008 to 1015
-16	-32	0	-28	-51	-58	-33	-39	cell = 1016 to 1023
Calibration values from cell 0 to 1024 for channel 6:

-14	-16	58	49	38	-11	19	-33	cell = 0 to 7
40	-2	38	-22	28	11	37	-22	cell = 8 to 15
6	-27	70	-6	30	-37	34	-9	cell = 16 to 23
39	-15	71	5	46	8	21	-39	cell = 24 to 31
49	1	64	-6	61	-14	59	-8	cell = 32 to 39
85	32	30	-27	45	-31	31	-40	cell = 40 to 47
44	41	44	-34	60	36	8	-25	cell = 48 to 55
54	-28	29	-37	25	-15	44	-15	cell = 56 to 63
32	-37	35	-25	23	-36	-9	-49	cell = 64 to 71
63	-26	58	27	39	-24	39	-4	cell = 72 to 79
46	-14	62	-29	24	18	25	-30	cell = 80 to 87
46	-15	41	-17	73	-7	39	-53	cell = 88 to 95
25	-51	12	0	44	-26	-33	-7	cell = 96 to 103
11	-49	87	3	58	-3	44	-44	cell = 104 to 111
7	-29	32	-17	24	-30	67	24	cell = 112 to 119
69	3	80	-25	-9	-43	11	-48	cell = 120 to 127
80	9	47	19	35	-49	54	-25	cell = 128 to 135
36	-7	16	-24	56	-15	41	-12	cell = 136 to 143
71	27	50	-22	37	-6	5	-59	cell = 144 to 151
50	-2	54	-23	55	1	43	6	cell = 152 to 159
38	-2	38	-7	96	-34	29	10	cell = 160 to 167
55	33	56	20	64	-24	56	-19	cell = 168 to 175
60	0	85	-13	18	-20	27	16	cell = 176 to 183
60	-15	27	3	66	-17	72	-60	cell = 184 to 191
42	-40	37	-3	32	-39	32	12	cell = 192 to 199
30	-21	18	-39	57	-52	26	-35	cell = 200 to 207
25	5	25	25	8	27	66	-14	cell = 208 to 215
5	-13	44	-31	55	9	36	6	cell = 216 to 223
10	4	42	-12	0	-14	-6	28	cell = 224 to 231
42	3	58	10	52	-57	24	-41	cell = 232 to 239
27	-7	25	9	42	-53	40	-38	cell = 240 to 247
35	27	51	21	46	-53	-9	12	cell = 248 to 255
55	17	44	-18	23	-37	35	13	cell = 256 to 263
34	-2	49	42	59	-48	95	17	cell = 264 to 271
40	-18	13	-18	34	-39	5	-4	cell = 272 to 279
61	-25	-2	-46	20	-19	12	5	cell = 280 to 287
33	1	89	3	-3	-38	-8	-3	cell = 288 to 295
47	15	-10	-11	66	-27	37	13	cell = 296 to 303
68	-16	53	-36	41	11	54	9	cell = 304 to 311
30	-31	56	18	10	-66	44	16	cell = 312 to 319
41	16	28	-4	47	25	46	-6	cell = 320 to 327
44	-2	42	31	51	-64	56	-2	cell = 328 to 335
68	28	93	14	61	-53	68	-36	cell = 336 to 343
71	37	57	5	72	-8	40	-21	cell = 344 to 351
59	-20	74	-6	79	-32	44	-9	cell = 352 to 359
17	-57	10	19	83	6	68	-21	cell = 360 to 367
74	-8	52	-8	62	49	77	-19	cell = 368 to 375
49	-16	53	9	77	-3	33	-23	cell = 376 to 383
86	-10	55	31	15	7	66	35	cell = 384 to 391
69	-31	63	-3	59	-54	12	0	cell = 392 to 399
7	12	56	16	19	-11	37	12	cell = 400 to 407
53	-24	43	55	54	-26	28	-14	cell = 408 to 415
30	-16	9	2	23	-34	64	-30	cell = 416 to 423
52	-32	54	9	72	26	36	12	cell = 424 to 431
7	-10	13	-9	61	-29	50	25	cell = 432 to 439
39	30	0	50	91	6	33	1	cell = 440 to 447
71	-13	46	11	33	-32	76	31	cell = 448 to 455
79	23	33	15	86	-19	16	26	cell = 456 to 463
92	17	57	52	26	-38	30	27	cell = 464 to 471
46	-2	33	4	58	-9	48	3	cell = 472 to 479
63	40	-5	28	66	-4	59	9	cell = 480 to 487
3	12	36	-17	48	47	33	46	cell = 488 to 495
52	6	-12	-34	5	-95	-47	-61	cell = 496 to 503
92	-39	64	-29	20	-17	44	24	cell = 504 to 511
31	-29	7	-47	-16	-5	-6	-31	cell = 512 to 519
14	7	-11	-9	-39	-3	22	-4	cell = 520 to 527
-34	17	-15	-5	23	-10	-2	-6	cell = 528 to 535
-32	-6	-22	-9	-5	-3	-8	-12	cell = 536 to 543
-7	3	-11	-20	25	-20	-16	-39	cell = 544 to 551
-31	21	-23	7	-40	-3	-12	-17	cell = 552 to 559
-33	16	10	-36	1	-19	-43	14	cell = 560 to 567
12	-52	-14	-37	-34	-61	-37	-42	cell = 568 to 575
-45	13	-51	-30	30	-14	-13	-52	cell = 576 to 583
-25	32	8	-22	-28	-32	-1	-12	cell = 584 to 591
-62	-57	-39	-23	-13	13	-58	-46	cell = 592 to 599
-9	-37	5	5	-43	-69	-17	-15	cell = 600 to 607
-47	-17	23	-9	-11	6	-14	-10	cell = 608 to 615
-12	-3	-17	-32	4	-14	-3	-52	cell = 616 to 623
-50	14	24	1	1	-30	-25	-68	cell = 624 to 631
-28	6	20	-6	-4	-8	0	-35	cell = 632 to 639
-25	7	-29	-33	26	-66	-42	-22	cell = 640 to 647
13	-31	18	-18	-52	0	19	-7	cell = 648 to 655
48	-27	-62	1	2	15	-52	-20	cell = 656 to 663
-11	-36	-54	3	53	-2	-12	24	cell = 664 to 671
-7	-30	-20	-40	-11	-28	-34	-26	cell = 672 to 679
11	-15	-35	-40	-7	-38	-26	2	cell = 680 to 687
13	-33	-27	-13	-3	-42	-6	-24	cell = 688 to 695
16	-19	-9	21	0	-43	-11	-24	cell = 696 to 703
20	27	-40	8	-67	-11	22	-30	cell = 704 to 711
-18	16	15	-2	-9	-19	-5	-53	cell = 712 to 719
-3	-3	9	-30	-17	4	-37	12	cell = 720 to 727
-20	28	-13	23	44	11	-49	-43	cell = 728 to 735
48	-8	10	8	-5	-8	5	-9	cell = 736 to 743
-59	-25	-26	-8	-19	-3	-4	-39	cell = 744 to 751
4	-32	12	-1	-17	-22	-17	-59	cell = 752 to 759
-7	-49	16	0	0	-31	-19	-28	cell = 760 to 767
-41	-7	4	-13	-54	-10	-3	-18	cell = 768 to 775
-42	-41	-59	-33	-37	-4	-27	-50	cell = 776 to 783
-32	-18	0	-30	-29	-40	-24	-27	cell = 784 to 791
-32	-7	-42	-58	-33	13	30	-40	cell = 792 to 799
4	-16	16	14	3	0	-11	25	cell = 800 to 807
40	-11	-35	-8	-31	17	-11	-13	cell = 808 to 815
-22	-42	-13	35	-11	-33	-15	6	cell = 816 to 823
-33	-31	-38	-48	-30	-33	20	5	cell = 824 to 831
46	-51	-21	-20	-32	-25	-21	-33	cell = 832 to 839
-28	-35	-34	-42	-31	-43	-22	-52	cell = 840 to 847
13	2	13	-20	-57	-76	-26	-48	cell = 848 to 855
9	-25	3	-13	-67	-2	-48	-6	cell = 856 to 863
-30	-16	-32	30	-7	-67	-6	-16	cell = 864 to 871
15	-18	-32	-27	-22	8	-3	-22	cell = 872 to 879
5	3	-24	-40	-27	13	-2	-10	cell = 880 to 887
-60	23	-8	-3	7	13	49	-71	cell = 888 to 895
-36	-32	-38	-5	-24	-39	-30	-32	cell = 896 to 903
-16	-54	-31	-50	-49	-15	-25	-45	cell = 904 to 911
-21	-8	-25	9	7	-48	-38	-27	cell = 912 to 919
11	-7	-12	-57	-24	13	-9	-18	cell = 920 to 927
-18	-7	-30	9	-34	-8	22	16	cell = 928 to 935
16	-43	-34	-27	0	-15	-11	-26	cell = 936 to 943
-7	-10	-32	-20	-32	-18	-18	-32	cell = 944 to 951
-39	-79	-23	8	-18	28	-19	-36	cell = 952 to 959
-35	-35	-31	-23	-34	-39	14	-20	cell = 960 to 967
-19	-18	-15	2	23	0	-45	-23	cell = 968 to 975
-20	5	-26	-59	-31	-56	-13	-26	cell = 976 to 983
-22	-34	-39	-64	-12	1	-22	-17	cell = 984 to 991
-4	-6	-24	-19	31	0	-12	-38	cell = 992 to 999
-56	-26	3	-14	-45	-8	7	-47	cell = 1000 to 1007
3	-40	-45	-26	-24	-57	-19	-1	cell = 1008 to 1015
-19	-9	-8	-42	-43	-68	-32	-36	cell = 1016 to 1023
Calibration values from cell 0 to 1024 for channel 7:

-7	-20	31	-22	59	-62	62	-12	cell = 0 to 7
71	-73	24	1	9	-35	47	-11	cell = 8 to 15
30	13	47	14	36	-5	35	-2	cell = 16 to 23
67	-23	35	-6	63	15	35	-22	cell = 24 to 31
112	-10	-3	-14	51	-28	46	-9	cell = 32 to 39
62	-20	48	-31	31	-11	22	-28	cell = 40 to 47
17	-34	45	3	40	-22	22	-17	cell = 48 to 55
92	3	26	-25	50	2	33	-56	cell = 56 to 63
24	17	27	-56	56	-7	25	-90	cell = 64 to 71
19	-21	2	2	28	-7	16	11	cell = 72 to 79
8	-18	46	33	71	-3	47	-15	cell = 80 to 87
74	-23	32	20	43	-14	34	-36	cell = 88 to 95
46	-4	62	-10	49	-73	47	-14	cell = 96 to 103
41	-10	55	-3	44	-27	43	5	cell = 104 to 111
27	13	69	30	-21	-8	64	-30	cell = 112 to 119
71	-2	37	-7	44	-70	-27	-6	cell = 120 to 127
28	-3	12	2	0	-26	25	-19	cell = 128 to 135
35	14	37	6	29	-19	33	-18	cell = 136 to 143
66	-40	12	24	18	-14	77	7	cell = 144 to 151
12	-45	33	19	35	10	45	-13	cell = 152 to 159
42	-18	35	-38	63	-35	52	51	cell = 160 to 167
52	-31	2	-3	5	-1	42	-42	cell = 168 to 175
44	-4	43	6	42	-2	75	-48	cell = 176 to 183
14	-6	5	-37	69	-55	38	5	cell = 184 to 191
29	28	28	-40	23	-6	64	-48	cell = 192 to 199
27	11	30	6	-3	-3	4	-13	cell = 200 to 207
47	-13	36	2	27	-12	98	35	cell = 208 to 215
82	-14	21	-2	69	-31	19	18	cell = 216 to 223
66	-32	51	-16	34	8	69	-15	cell = 224 to 231
49	25	29	39	10	-21	21	-27	cell = 232 to 239
45	-17	31	-54	16	-24	38	14	cell = 240 to 247
57	11	50	6	29	0	8	-2	cell = 248 to 255
34	30	31	-15	8	-26	36	9	cell = 256 to 263
46	-25	89	18	72	-28	57	-43	cell = 264 to 271
68	-36	74	-29	53	25	49	13	cell = 272 to 279
8	-40	27	-28	73	10	21	4	cell = 280 to 287
108	-31	58	-34	47	-62	11	-14	cell = 288 to 295
32	-31	33	8	75	-26	65	0	cell = 296 to 303
61	18	44	-45	87	-24	51	-25	cell = 304 to 311
16	47	58	-50	74	-23	50	13	cell = 312 to 319
39	-24	31	-38	50	-22	12	-19	cell = 320 to 327
47	1	50	-33	56	-4	49	7	cell = 328 to 335
46	-12	35	-26	78	-14	37	15	cell = 336 to 343
46	-46	37	0	58	-23	1	8	cell = 344 to 351
73	-13	83	-24	46	26	32	19	cell = 352 to 359
46	12	35	-20	34	3	18	-18	cell = 360 to 367
71	-35	11	32	22	-43	27	-14	cell = 368 to 375
65	-44	61	-12	24	7	53	-5	cell = 376 to 383
32	-6	76	39	55	-40	23	-36	cell = 384 to 391
73	-21	76	38	52	0	47	14	cell = 392 to 399
7	-14	21	42	62	-53	10	-21	cell = 400 to 407
20	-6	98	-14	39	-20	47	-1	cell = 408 to 415
58	28	36	8	17	-6	38	-4	cell = 416 to 423
41	11	23	-6	60	17	-3	16	cell = 424 to 431
68	-14	51	-25	52	-2	42	-42	cell = 432 to 439
42	15	29	-37	46	-32	17	2	cell = 440 to 447
90	-34	59	-15	31	0	60	-21	cell = 448 to 455
7	44	104	1	32	-21	76	26	cell = 456 to 463
40	34	46	-22	80	50	66	10	cell = 464 to 471
18	0	37	-11	41	6	68	-3	cell = 472 to 479
66	5	55	-16	41	-25	27	-14	cell = 480 to 487
63	-29	43	0	32	-33	79	-32	cell = 488 to 495
79	-3	-18	-33	-26	-50	-14	-96	cell = 496 to 503
65	-13	78	27	28	-17	63	-44	cell = 504 to 511
-28	7	9	19	-24	26	13	23	cell = 512 to 519
-3	9	45	-16	4	-37	-29	-61	cell = 520 to 527
7	5	9	-57	-31	-17	27	11	cell = 528 to 535
23	33	15	-14	-23	5	-10	5	cell = 536 to 543
40	-6	-28	-11	-24	21	-19	-29	cell = 544 to 551
-18	-17	54	-23	-4	-24	-2	-19	cell = 552 to 559
-4	-10	-45	-11	8	-25	-8	-39	cell = 560 to 567
-12	-33	-3	-9	18	-20	-34	-33	cell = 568 to 575
-44	16	-45	7	-24	-33	-10	5	cell = 576 to 583
9	36	-52	-23	-14	-22	20	-73	cell = 584 to 591
6	0	-32	21	25	25	-43	-32	cell = 592 to 599
26	11	-33	-4	-4	23	11	-51	cell = 600 to 607
-28	4	-28	-36	17	-7	40	-19	cell = 608 to 615
-14	10	-58	-18	5	17	6	-3	cell = 616 to 623
0	-52	-27	-40	-39	-39	-1	-18	cell = 624 to 631
-46	-4	32	-19	-14	-42	-37	-29	cell = 632 to 639
-8	16	-6	-16	-46	-24	5	-5	cell = 640 to 647
-51	-45	-47	1	35	21	17	-36	cell = 648 to 655
-10	-10	-5	-23	-14	-26	32	-12	cell = 656 to 663
-21	-5	-35	-13	-66	12	-20	12	cell = 664 to 671
-23	11	-14	-40	-12	25	39	-85	cell = 672 to 679
-29	-4	-3	-24	-21	22	-14	-44	cell = 680 to 687
31	-40	-10	0	-44	-35	0	-75	cell = 688 to 695
-35	-31	30	23	-30	5	23	-6	cell = 696 to 703
-78	-15	-6	-37	-70	-7	-50	-21	cell = 704 to 711
32	-2	30	-25	-23	7	-43	-25	cell = 712 to 719
-42	14	-56	3	-13	24	22	-81	cell = 720 to 727
0	-5	-30	-15	-16	-11	-25	-15	cell = 728 to 735
-42	-33	-18	-14	-33	-61	-37	19	cell = 736 to 743
-30	-15	-36	-26	-7	9	3	-27	cell = 744 to 751
-10	9	-13	-37	42	-36	-15	-38	cell = 752 to 759
-23	-35	-48	-45	47	-32	-9	-25	cell = 760 to 767
-35	-31	-21	-47	-22	-10	-51	-9	cell = 768 to 775
42	4	-15	-25	-11	-4	1	-23	cell = 776 to 783
-10	-65	2	-9	-49	-53	-35	-33	cell = 784 to 791
-22	-17	-14	-25	8	-46	3	1	cell = 792 to 799
14	-3	-17	-15	2	-32	20	-9	cell = 800 to 807
-10	9	16	-38	-11	-50	-2	-42	cell = 808 to 815
-3	-24	-27	-23	-45	-9	25	-48	cell = 816 to 823
-26	-64	-55	24	-14	-30	-5	-4	cell = 824 to 831
-11	-7	-20	-23	-12	15	34	-56	cell = 832 to 839
1	-29	-24	6	-32	9	-32	-33	cell = 840 to 847
-14	-34	5	-15	-10	3	36	-46	cell = 848 to 855
-9	29	-10	-81	-11	-20	-50	-27	cell = 856 to 863
-55	9	2	3	-20	23	34	6	cell = 864 to 871
-5	-8	-7	18	14	-23	-29	25	cell = 872 to 879
22	-9	-26	-35	-30	-34	-13	-39	cell = 880 to 887
-39	-39	-6	-40	-8	18	-36	-50	cell = 888 to 895
-18	-51	-17	-11	-29	-16	23	-33	cell = 896 to 903
14	-5	-86	-25	-20	10	12	-11	cell = 904 to 911
-35	-54	28	-10	-26	-44	1	-62	cell = 912 to 919
-29	-6	-25	4	5	-33	-24	-40	cell = 920 to 927
2	-15	-32	-27	-9	-45	11	-50	cell = 928 to 935
3	-24	-32	-20	-46	-24	-12	1	cell = 936 to 943
-49	19	-5	-16	14	-31	-10	-25	cell = 944 to 951
-13	-21	9	-58	-14	-32	-31	-2	cell = 952 to 959
-9	-23	-34	-75	-24	-21	-32	-19	cell = 960 to 967
-9	-25	-36	-38	22	-6	-57	-39	cell = 968 to 975
-33	-26	-29	2	-3	-24	-50	-45	cell = 976 to 983
20	5	14	-36	-35	-22	28	0	cell = 984 to 991
-51	-24	-2	-1	-78	-17	21	-27	cell = 992 to 999
-2	-50	-12	6	-61	-43	13	-17	cell = 1000 to 1007
-55	-36	-33	-1	-66	-18	-2	-33	cell = 1008 to 1015
-22	-36	36	-57	-37	-52	-71	-12	cell = 1016 to 1023
Calibration values from cell 0 to 1024 for channel 8:

20	28	70	-41	67	-27	13	13	cell = 0 to 7
2	-46	37	-5	16	26	35	19	cell = 8 to 15
-2	-34	77	-15	0	-11	8	3	cell = 16 to 23
74	-34	22	-13	55	3	51	37	cell = 24 to 31
62	35	14	2	33	-10	67	-14	cell = 32 to 39
-4	1	8	39	55	-22	50	-10	cell = 40 to 47
19	-5	16	22	55	9	20	-8	cell = 48 to 55
44	24	57	9	46	25	52	22	cell = 56 to 63
88	9	48	13	13	6	29	-27	cell = 64 to 71
50	-13	62	5	80	-8	70	12	cell = 72 to 79
52	-41	51	-34	35	-32	64	17	cell = 80 to 87
66	35	56	22	35	34	53	-17	cell = 88 to 95
47	9	32	-30	84	8	-5	0	cell = 96 to 103
24	36	57	33	0	-7	27	-40	cell = 104 to 111
16	-12	26	21	53	9	35	57	cell = 112 to 119
54	1	43	30	71	-9	29	-16	cell = 120 to 127
81	-10	8	-32	53	-27	2	-43	cell = 128 to 135
65	-25	37	-48	52	21	44	7	cell = 136 to 143
46	48	58	-34	58	-4	15	-4	cell = 144 to 151
17	26	35	-11	38	-31	40	-19	cell = 152 to 159
34	4	34	4	36	-9	17	43	cell = 160 to 167
47	-13	31	-25	23	15	64	13	cell = 168 to 175
47	23	17	11	16	20	33	21	cell = 176 to 183
26	-24	12	-8	31	-10	29	-15	cell = 184 to 191
-20	9	20	27	58	7	27	15	cell = 192 to 199
50	-34	74	33	49	-29	48	15	cell = 200 to 207
55	-9	-5	-25	31	21	19	1	cell = 208 to 215
47	-6	8	-6	63	-15	37	17	cell = 216 to 223
23	-39	36	-9	69	-28	47	16	cell = 224 to 231
45	-3	39	28	70	0	48	22	cell = 232 to 239
27	-37	40	20	44	-56	3	-3	cell = 240 to 247
19	23	23	-18	51	7	31	-11	cell = 248 to 255
44	-10	64	-18	3	-36	36	14	cell = 256 to 263
58	-16	58	-6	71	-28	-6	0	cell = 264 to 271
57	-9	63	-24	83	-4	69	21	cell = 272 to 279
21	23	82	-15	15	9	18	8	cell = 280 to 287
59	16	79	9	26	31	74	16	cell = 288 to 295
53	-33	58	-22	66	-43	50	20	cell = 296 to 303
59	-25	-2	-7	30	3	62	-40	cell = 304 to 311
70	15	35	-2	63	-3	19	20	cell = 312 to 319
58	40	29	-14	28	34	58	5	cell = 320 to 327
47	11	63	-4	44	-53	70	-4	cell = 328 to 335
19	-33	36	2	31	-22	16	25	cell = 336 to 343
90	-35	73	-12	38	6	34	2	cell = 344 to 351
51	37	41	16	84	17	42	-29	cell = 352 to 359
36	-21	45	3	37	30	80	6	cell = 360 to 367
75	31	57	-16	20	0	89	-26	cell = 368 to 375
68	0	34	-16	32	-8	75	-32	cell = 376 to 383
24	21	58	17	87	24	27	-32	cell = 384 to 391
109	19	68	-16	48	-14	46	-7	cell = 392 to 399
46	-9	57	-8	57	61	51	13	cell = 400 to 407
13	24	60	47	11	11	69	32	cell = 408 to 415
28	-1	37	32	68	9	36	15	cell = 416 to 423
103	11	27	15	9	-7	100	32	cell = 424 to 431
66	-40	75	6	12	-20	24	16	cell = 432 to 439
43	-33	-6	-2	13	11	64	-23	cell = 440 to 447
91	41	37	-1	20	-6	46	21	cell = 448 to 455
72	17	32	11	17	53	62	54	cell = 456 to 463
61	-21	30	3	51	0	22	21	cell = 464 to 471
61	-9	19	27	58	-10	27	39	cell = 472 to 479
54	-37	41	-14	79	-13	51	-10	cell = 480 to 487
46	11	42	31	31	-4	63	16	cell = 488 to 495
38	25	-38	-70	-44	-78	-4	-74	cell = 496 to 503
97	9	70	33	-21	-28	60	-8	cell = 504 to 511
2	15	-8	-6	-44	-6	-49	-19	cell = 512 to 519
-39	-9	-52	0	-1	-25	25	-19	cell = 520 to 527
-39	-14	-70	-27	-19	-46	20	15	cell = 528 to 535
-26	-28	-46	-33	4	5	-79	-19	cell = 536 to 543
-27	-48	-2	34	1	-45	-22	-30	cell = 544 to 551
-41	12	-15	-8	19	-5	9	-1	cell = 552 to 559
-1	-38	-32	-36	-15	-15	-15	-15	cell = 560 to 567
-5	-15	5	-24	-42	-15	-30	24	cell = 568 to 575
-25	-33	-35	-45	-9	-5	-30	-42	cell = 576 to 583
-4	-43	-35	-20	0	11	-27	-5	cell = 584 to 591
-4	6	-5	-8	-8	-55	-34	-29	cell = 592 to 599
-6	0	4	-16	-48	-6	-6	-3	cell = 600 to 607
-38	-62	-54	-24	24	8	-16	-35	cell = 608 to 615
-52	-10	-57	-12	14	11	-54	-11	cell = 616 to 623
-37	-4	-49	-40	-52	-39	0	-55	cell = 624 to 631
-39	-44	-24	-27	-48	-67	-58	-48	cell = 632 to 639
-22	10	-51	-38	-31	-22	-5	-12	cell = 640 to 647
0	-30	-27	-20	-33	-33	-14	-5	cell = 648 to 655
-13	-10	-49	14	-6	-17	-38	-27	cell = 656 to 663
3	15	-31	-9	-14	-4	-2	-34	cell = 664 to 671
-38	6	-49	23	-59	-19	-39	-17	cell = 672 to 679
-7	51	-43	-19	-8	-19	-34	-24	cell = 680 to 687
-35	-44	-17	-4	-53	2	-13	-17	cell = 688 to 695
-26	-33	-29	-51	-49	-11	-53	-16	cell = 696 to 703
-34	-18	-5	24	-71	6	-11	-4	cell = 704 to 711
-10	-72	-48	-24	-19	11	-13	-9	cell = 712 to 719
-26	7	-54	62	7	-20	-44	6	cell = 720 to 727
-37	-28	-47	-28	-15	-3	21	-19	cell = 728 to 735
-30	-13	-29	14	-51	-17	34	-25	cell = 736 to 743
-31	23	10	-11	-23	-52	-29	21	cell = 744 to 751
-4	2	-13	-12	-48	28	-14	-46	cell = 752 to 759
24	-32	-61	-28	-54	-1	-20	-5	cell = 760 to 767
-9	2	-7	-19	-9	-9	-60	-27	cell = 768 to 775
-43	-25	-68	-30	-21	-26	-22	-33	cell = 776 to 783
-37	-26	-24	-36	-17	-14	-14	-41	cell = 784 to 791
-4	-38	-15	-30	-8	21	-14	-28	cell = 792 to 799
19	2	-22	2	-3	-35	25	3	cell = 800 to 807
-28	-10	-56	-18	3	13	-55	0	cell = 808 to 815
-12	-27	8	8	-12	-20	-16	-20	cell = 816 to 823
-56	-28	-27	-22	-2	-41	25	13	cell = 824 to 831
-40	-25	-46	9	-47	-22	-36	-35	cell = 832 to 839
-15	-32	3	-15	-13	-11	-41	-7	cell = 840 to 847
27	-27	-41	1	-2	24	-25	-29	cell = 848 to 855
-6	-26	-42	-49	-23	-27	0	15	cell = 856 to 863
-23	30	3	-8	-21	18	-19	-37	cell = 864 to 871
3	-60	-1	12	-59	-37	2	-51	cell = 872 to 879
-7	15	-51	-52	-48	-79	-12	-40	cell = 880 to 887
0	-54	-32	-8	-14	-10	-28	-6	cell = 888 to 895
9	-4	-18	-76	-3	-30	-39	-44	cell = 896 to 903
17	-14	-44	-34	14	2	-50	32	cell = 904 to 911
-54	-46	-44	4	-3	-16	-11	-21	cell = 912 to 919
-17	-49	-70	-40	-2	-19	-33	-18	cell = 920 to 927
-23	-37	-20	-22	-7	-49	-3	16	cell = 928 to 935
-33	-6	-58	-33	-30	-7	-7	-6	cell = 936 to 943
-44	-2	-66	-49	-21	-27	-8	-30	cell = 944 to 951
-58	-37	-16	2	-37	5	-29	-11	cell = 952 to 959
-49	8	-43	4	-28	-5	-27	10	cell = 960 to 967
-39	-42	-47	-21	-67	-52	-54	-11	cell = 968 to 975
-48	-17	0	-22	-57	-27	-23	-19	cell = 976 to 983
-15	-42	-28	-55	-57	16	-21	-6	cell = 984 to 991
-47	-29	-69	-22	26	-25	-66	-16	cell = 992 to 999
-8	-28	-36	-29	-55	-43	-43	-21	cell = 1000 to 1007
-62	-37	-45	-20	-13	-40	-47	-55	cell = 1008 to 1015
-12	-12	-49	-20	-58	20	-30	-43	cell = 1016 to 1023
