0	00000.000
1	00000.198
2	00000.397
3	00000.595
4	00000.794
5	00000.993
6	00001.192
7	00001.391
8	00001.590
9	00001.789
10	00001.988
11	00002.187
12	00002.387
13	00002.586
14	00002.786
15	00002.986
16	00003.186
17	00003.386
18	00003.586
19	00003.787
20	00003.987
21	00004.188
22	00004.389
23	00004.589
24	00004.790
25	00004.991
26	00005.191
27	00005.392
28	00005.592
29	00005.793
30	00005.993
31	00006.194
32	00006.394
33	00006.595
34	00006.796
35	00006.997
36	00007.198
37	00007.400
38	00007.601
39	00007.802
40	00008.003
41	00008.205
42	00008.405
43	00008.606
44	00008.807
45	00009.007
46	00009.208
47	00009.408
48	00009.608
49	00009.809
50	00010.009
51	00010.209
52	00010.409
53	00010.608
54	00010.808
55	00011.008
56	00011.208
57	00011.407
58	00011.607
59	00011.807
60	00012.007
61	00012.208
62	00012.408
63	00012.608
64	00012.809
65	00013.009
66	00013.209
67	00013.410
68	00013.610
69	00013.810
70	00014.010
71	00014.210
72	00014.410
73	00014.611
74	00014.811
75	00015.011
76	00015.211
77	00015.412
78	00015.612
79	00015.812
80	00016.013
81	00016.213
82	00016.414
83	00016.615
84	00016.815
85	00017.016
86	00017.217
87	00017.418
88	00017.619
89	00017.820
90	00018.021
91	00018.222
92	00018.424
93	00018.625
94	00018.826
95	00019.028
96	00019.230
97	00019.431
98	00019.633
99	00019.835
100	00020.036
101	00020.238
102	00020.439
103	00020.640
104	00020.841
105	00021.043
106	00021.244
107	00021.445
108	00021.647
109	00021.848
110	00022.050
111	00022.252
112	00022.453
113	00022.654
114	00022.856
115	00023.057
116	00023.259
117	00023.460
118	00023.661
119	00023.863
120	00024.064
121	00024.266
122	00024.467
123	00024.668
124	00024.870
125	00025.071
126	00025.272
127	00025.474
128	00025.675
129	00025.876
130	00026.077
131	00026.279
132	00026.479
133	00026.680
134	00026.881
135	00027.081
136	00027.282
137	00027.483
138	00027.683
139	00027.883
140	00028.084
141	00028.284
142	00028.484
143	00028.685
144	00028.886
145	00029.086
146	00029.287
147	00029.487
148	00029.688
149	00029.888
150	00030.089
151	00030.290
152	00030.490
153	00030.691
154	00030.892
155	00031.092
156	00031.293
157	00031.494
158	00031.694
159	00031.895
160	00032.095
161	00032.295
162	00032.496
163	00032.696
164	00032.897
165	00033.097
166	00033.297
167	00033.498
168	00033.698
169	00033.899
170	00034.100
171	00034.300
172	00034.500
173	00034.701
174	00034.902
175	00035.102
176	00035.303
177	00035.503
178	00035.704
179	00035.905
180	00036.105
181	00036.306
182	00036.507
183	00036.708
184	00036.910
185	00037.111
186	00037.312
187	00037.513
188	00037.713
189	00037.914
190	00038.115
191	00038.316
192	00038.517
193	00038.718
194	00038.919
195	00039.119
196	00039.320
197	00039.521
198	00039.722
199	00039.923
200	00040.123
201	00040.324
202	00040.525
203	00040.726
204	00040.927
205	00041.128
206	00041.329
207	00041.530
208	00041.731
209	00041.931
210	00042.132
211	00042.333
212	00042.533
213	00042.734
214	00042.934
215	00043.135
216	00043.336
217	00043.536
218	00043.737
219	00043.937
220	00044.138
221	00044.338
222	00044.538
223	00044.739
224	00044.940
225	00045.141
226	00045.342
227	00045.543
228	00045.744
229	00045.945
230	00046.146
231	00046.348
232	00046.549
233	00046.751
234	00046.952
235	00047.154
236	00047.355
237	00047.557
238	00047.759
239	00047.960
240	00048.162
241	00048.363
242	00048.565
243	00048.767
244	00048.968
245	00049.170
246	00049.372
247	00049.574
248	00049.775
249	00049.977
250	00050.179
251	00050.380
252	00050.582
253	00050.783
254	00050.985
255	00051.186
256	00051.387
257	00051.589
258	00051.790
259	00051.992
260	00052.193
261	00052.394
262	00052.596
263	00052.797
264	00052.998
265	00053.200
266	00053.401
267	00053.602
268	00053.803
269	00054.004
270	00054.205
271	00054.406
272	00054.607
273	00054.808
274	00055.009
275	00055.209
276	00055.410
277	00055.610
278	00055.811
279	00056.011
280	00056.211
281	00056.411
282	00056.611
283	00056.811
284	00057.011
285	00057.211
286	00057.411
287	00057.612
288	00057.812
289	00058.012
290	00058.212
291	00058.413
292	00058.613
293	00058.814
294	00059.014
295	00059.215
296	00059.415
297	00059.616
298	00059.817
299	00060.017
300	00060.218
301	00060.419
302	00060.619
303	00060.820
304	00061.020
305	00061.221
306	00061.421
307	00061.622
308	00061.822
309	00062.023
310	00062.223
311	00062.424
312	00062.624
313	00062.824
314	00063.025
315	00063.225
316	00063.426
317	00063.626
318	00063.827
319	00064.027
320	00064.228
321	00064.429
322	00064.629
323	00064.829
324	00065.029
325	00065.229
326	00065.429
327	00065.630
328	00065.830
329	00066.030
330	00066.230
331	00066.430
332	00066.630
333	00066.830
334	00067.030
335	00067.230
336	00067.430
337	00067.630
338	00067.830
339	00068.030
340	00068.230
341	00068.430
342	00068.630
343	00068.830
344	00069.029
345	00069.229
346	00069.429
347	00069.628
348	00069.828
349	00070.028
350	00070.228
351	00070.427
352	00070.627
353	00070.827
354	00071.027
355	00071.227
356	00071.426
357	00071.626
358	00071.826
359	00072.026
360	00072.226
361	00072.425
362	00072.625
363	00072.825
364	00073.025
365	00073.224
366	00073.424
367	00073.624
368	00073.823
369	00074.023
370	00074.223
371	00074.422
372	00074.622
373	00074.822
374	00075.022
375	00075.222
376	00075.422
377	00075.622
378	00075.822
379	00076.022
380	00076.222
381	00076.422
382	00076.622
383	00076.822
384	00077.022
385	00077.222
386	00077.422
387	00077.622
388	00077.821
389	00078.021
390	00078.220
391	00078.419
392	00078.619
393	00078.819
394	00079.018
395	00079.218
396	00079.418
397	00079.618
398	00079.817
399	00080.018
400	00080.218
401	00080.418
402	00080.619
403	00080.819
404	00081.020
405	00081.221
406	00081.422
407	00081.622
408	00081.823
409	00082.024
410	00082.225
411	00082.426
412	00082.627
413	00082.828
414	00083.028
415	00083.229
416	00083.429
417	00083.629
418	00083.829
419	00084.029
420	00084.229
421	00084.429
422	00084.628
423	00084.828
424	00085.028
425	00085.227
426	00085.427
427	00085.626
428	00085.826
429	00086.025
430	00086.225
431	00086.424
432	00086.623
433	00086.822
434	00087.021
435	00087.221
436	00087.419
437	00087.618
438	00087.817
439	00088.016
440	00088.215
441	00088.413
442	00088.612
443	00088.812
444	00089.011
445	00089.210
446	00089.409
447	00089.607
448	00089.806
449	00090.005
450	00090.204
451	00090.403
452	00090.602
453	00090.801
454	00091.000
455	00091.199
456	00091.398
457	00091.597
458	00091.796
459	00091.995
460	00092.194
461	00092.393
462	00092.592
463	00092.791
464	00092.990
465	00093.189
466	00093.389
467	00093.588
468	00093.787
469	00093.986
470	00094.186
471	00094.385
472	00094.585
473	00094.785
474	00094.984
475	00095.184
476	00095.383
477	00095.583
478	00095.783
479	00095.982
480	00096.182
481	00096.382
482	00096.582
483	00096.782
484	00096.982
485	00097.183
486	00097.383
487	00097.584
488	00097.784
489	00097.985
490	00098.186
491	00098.387
492	00098.587
493	00098.787
494	00098.987
495	00099.187
496	00099.387
497	00099.586
498	00099.785
499	00099.984
500	00100.182
501	00100.381
502	00100.579
503	00100.777
504	00100.974
505	00101.172
506	00101.369
507	00101.567
508	00101.764
509	00101.962
510	00102.159
511	00102.356
512	00102.553
513	00102.750
514	00102.947
515	00103.144
516	00103.342
517	00103.540
518	00103.737
519	00103.935
520	00104.133
521	00104.332
522	00104.530
523	00104.728
524	00104.927
525	00105.125
526	00105.324
527	00105.523
528	00105.721
529	00105.920
530	00106.119
531	00106.319
532	00106.518
533	00106.717
534	00106.916
535	00107.115
536	00107.315
537	00107.514
538	00107.713
539	00107.913
540	00108.112
541	00108.311
542	00108.511
543	00108.710
544	00108.909
545	00109.109
546	00109.308
547	00109.508
548	00109.708
549	00109.907
550	00110.106
551	00110.305
552	00110.505
553	00110.704
554	00110.903
555	00111.103
556	00111.302
557	00111.501
558	00111.701
559	00111.900
560	00112.099
561	00112.299
562	00112.498
563	00112.697
564	00112.897
565	00113.096
566	00113.296
567	00113.495
568	00113.695
569	00113.894
570	00114.094
571	00114.293
572	00114.493
573	00114.692
574	00114.891
575	00115.090
576	00115.290
577	00115.489
578	00115.688
579	00115.887
580	00116.086
581	00116.284
582	00116.483
583	00116.682
584	00116.880
585	00117.079
586	00117.278
587	00117.476
588	00117.675
589	00117.873
590	00118.072
591	00118.271
592	00118.469
593	00118.668
594	00118.867
595	00119.066
596	00119.265
597	00119.464
598	00119.663
599	00119.862
600	00120.062
601	00120.261
602	00120.460
603	00120.660
604	00120.859
605	00121.058
606	00121.257
607	00121.456
608	00121.655
609	00121.854
610	00122.053
611	00122.253
612	00122.452
613	00122.652
614	00122.851
615	00123.050
616	00123.249
617	00123.448
618	00123.647
619	00123.846
620	00124.045
621	00124.244
622	00124.443
623	00124.642
624	00124.841
625	00125.040
626	00125.239
627	00125.438
628	00125.637
629	00125.835
630	00126.034
631	00126.233
632	00126.432
633	00126.630
634	00126.829
635	00127.029
636	00127.228
637	00127.427
638	00127.626
639	00127.825
640	00128.024
641	00128.224
642	00128.423
643	00128.622
644	00128.821
645	00129.020
646	00129.219
647	00129.418
648	00129.618
649	00129.817
650	00130.017
651	00130.217
652	00130.416
653	00130.616
654	00130.816
655	00131.016
656	00131.215
657	00131.415
658	00131.615
659	00131.815
660	00132.015
661	00132.215
662	00132.415
663	00132.614
664	00132.814
665	00133.014
666	00133.214
667	00133.414
668	00133.614
669	00133.814
670	00134.014
671	00134.214
672	00134.414
673	00134.614
674	00134.814
675	00135.014
676	00135.214
677	00135.414
678	00135.615
679	00135.815
680	00136.016
681	00136.216
682	00136.417
683	00136.617
684	00136.818
685	00137.018
686	00137.218
687	00137.419
688	00137.619
689	00137.819
690	00138.019
691	00138.220
692	00138.420
693	00138.620
694	00138.820
695	00139.020
696	00139.220
697	00139.420
698	00139.620
699	00139.820
700	00140.020
701	00140.220
702	00140.420
703	00140.621
704	00140.821
705	00141.022
706	00141.223
707	00141.423
708	00141.624
709	00141.825
710	00142.025
711	00142.226
712	00142.426
713	00142.627
714	00142.828
715	00143.028
716	00143.229
717	00143.430
718	00143.631
719	00143.831
720	00144.032
721	00144.233
722	00144.434
723	00144.634
724	00144.835
725	00145.036
726	00145.236
727	00145.437
728	00145.637
729	00145.837
730	00146.037
731	00146.238
732	00146.437
733	00146.637
734	00146.837
735	00147.036
736	00147.236
737	00147.435
738	00147.635
739	00147.834
740	00148.034
741	00148.233
742	00148.433
743	00148.632
744	00148.832
745	00149.032
746	00149.231
747	00149.431
748	00149.630
749	00149.830
750	00150.029
751	00150.229
752	00150.428
753	00150.627
754	00150.827
755	00151.026
756	00151.225
757	00151.425
758	00151.624
759	00151.823
760	00152.023
761	00152.222
762	00152.422
763	00152.621
764	00152.820
765	00153.020
766	00153.219
767	00153.418
768	00153.617
769	00153.817
770	00154.016
771	00154.215
772	00154.414
773	00154.613
774	00154.813
775	00155.012
776	00155.211
777	00155.410
778	00155.609
779	00155.808
780	00156.007
781	00156.206
782	00156.405
783	00156.604
784	00156.804
785	00157.003
786	00157.202
787	00157.401
788	00157.600
789	00157.799
790	00157.998
791	00158.198
792	00158.397
793	00158.596
794	00158.795
795	00158.994
796	00159.193
797	00159.393
798	00159.592
799	00159.792
800	00159.991
801	00160.191
802	00160.391
803	00160.591
804	00160.790
805	00160.990
806	00161.190
807	00161.390
808	00161.590
809	00161.790
810	00161.990
811	00162.191
812	00162.391
813	00162.591
814	00162.792
815	00162.992
816	00163.192
817	00163.392
818	00163.592
819	00163.793
820	00163.993
821	00164.193
822	00164.393
823	00164.593
824	00164.793
825	00164.993
826	00165.193
827	00165.393
828	00165.594
829	00165.794
830	00165.995
831	00166.195
832	00166.396
833	00166.597
834	00166.797
835	00166.998
836	00167.199
837	00167.400
838	00167.600
839	00167.801
840	00168.002
841	00168.203
842	00168.404
843	00168.605
844	00168.806
845	00169.007
846	00169.208
847	00169.409
848	00169.610
849	00169.811
850	00170.011
851	00170.212
852	00170.413
853	00170.614
854	00170.814
855	00171.015
856	00171.215
857	00171.416
858	00171.616
859	00171.817
860	00172.017
861	00172.218
862	00172.418
863	00172.618
864	00172.818
865	00173.018
866	00173.218
867	00173.417
868	00173.617
869	00173.817
870	00174.016
871	00174.216
872	00174.416
873	00174.615
874	00174.815
875	00175.014
876	00175.214
877	00175.413
878	00175.613
879	00175.812
880	00176.012
881	00176.211
882	00176.411
883	00176.610
884	00176.809
885	00177.008
886	00177.207
887	00177.406
888	00177.605
889	00177.804
890	00178.004
891	00178.203
892	00178.402
893	00178.601
894	00178.801
895	00179.000
896	00179.199
897	00179.398
898	00179.598
899	00179.797
900	00179.996
901	00180.195
902	00180.394
903	00180.593
904	00180.792
905	00180.991
906	00181.191
907	00181.390
908	00181.589
909	00181.788
910	00181.988
911	00182.188
912	00182.387
913	00182.587
914	00182.787
915	00182.987
916	00183.187
917	00183.387
918	00183.588
919	00183.788
920	00183.988
921	00184.189
922	00184.390
923	00184.590
924	00184.791
925	00184.991
926	00185.192
927	00185.393
928	00185.593
929	00185.793
930	00185.993
931	00186.194
932	00186.394
933	00186.594
934	00186.794
935	00186.994
936	00187.194
937	00187.394
938	00187.594
939	00187.793
940	00187.993
941	00188.192
942	00188.391
943	00188.591
944	00188.790
945	00188.989
946	00189.188
947	00189.387
948	00189.586
949	00189.785
950	00189.984
951	00190.183
952	00190.382
953	00190.581
954	00190.781
955	00190.980
956	00191.179
957	00191.378
958	00191.578
959	00191.777
960	00191.976
961	00192.175
962	00192.374
963	00192.573
964	00192.773
965	00192.972
966	00193.172
967	00193.372
968	00193.572
969	00193.773
970	00193.973
971	00194.174
972	00194.374
973	00194.575
974	00194.776
975	00194.977
976	00195.178
977	00195.379
978	00195.580
979	00195.781
980	00195.982
981	00196.184
982	00196.385
983	00196.587
984	00196.788
985	00196.990
986	00197.191
987	00197.392
988	00197.594
989	00197.795
990	00197.996
991	00198.198
992	00198.399
993	00198.601
994	00198.802
995	00199.004
996	00199.205
997	00199.407
998	00199.608
999	00199.809
1000	00200.011
1001	00200.212
1002	00200.414
1003	00200.615
1004	00200.816
1005	00201.017
1006	00201.217
1007	00201.418
1008	00201.618
1009	00201.818
1010	00202.018
1011	00202.217
1012	00202.416
1013	00202.616
1014	00202.815
1015	00203.014
1016	00203.213
1017	00203.411
1018	00203.610
1019	00203.809
1020	00204.007
1021	00204.205
1022	00204.403
1023	00204.602
