0	0	41
0	1	15
0	2	34
0	3	6
0	4	8
0	5	-15
0	6	59
0	7	-27
0	8	42
0	9	-55
0	10	75
0	11	21
0	12	76
0	13	9
0	14	56
0	15	-24
0	16	19
0	17	-11
0	18	51
0	19	-1
0	20	46
0	21	-2
0	22	66
0	23	-40
0	24	59
0	25	-37
0	26	8
0	27	-7
0	28	-29
0	29	-37
0	30	1
0	31	-36
0	32	61
0	33	-25
0	34	58
0	35	15
0	36	60
0	37	33
0	38	18
0	39	-37
0	40	29
0	41	-12
0	42	27
0	43	-11
0	44	29
0	45	-5
0	46	31
0	47	-17
0	48	57
0	49	6
0	50	44
0	51	36
0	52	24
0	53	-27
0	54	22
0	55	-40
0	56	52
0	57	19
0	58	35
0	59	3
0	60	34
0	61	-13
0	62	49
0	63	9
0	64	36
0	65	-2
0	66	21
0	67	-48
0	68	67
0	69	14
0	70	42
0	71	7
0	72	50
0	73	-1
0	74	35
0	75	-7
0	76	45
0	77	14
0	78	76
0	79	27
0	80	19
0	81	-2
0	82	37
0	83	14
0	84	28
0	85	23
0	86	57
0	87	23
0	88	23
0	89	-13
0	90	9
0	91	-13
0	92	44
0	93	11
0	94	5
0	95	-8
0	96	37
0	97	11
0	98	-3
0	99	-30
0	100	22
0	101	21
0	102	30
0	103	-6
0	104	45
0	105	-15
0	106	62
0	107	-8
0	108	39
0	109	1
0	110	53
0	111	-16
0	112	48
0	113	4
0	114	36
0	115	-8
0	116	78
0	117	20
0	118	16
0	119	-8
0	120	42
0	121	-26
0	122	43
0	123	12
0	124	36
0	125	0
0	126	86
0	127	14
0	128	47
0	129	-29
0	130	53
0	131	-47
0	132	13
0	133	-26
0	134	18
0	135	14
0	136	50
0	137	-5
0	138	34
0	139	11
0	140	33
0	141	40
0	142	29
0	143	17
0	144	70
0	145	-34
0	146	55
0	147	11
0	148	60
0	149	33
0	150	21
0	151	-17
0	152	68
0	153	-2
0	154	51
0	155	-42
0	156	49
0	157	13
0	158	29
0	159	-29
0	160	62
0	161	36
0	162	62
0	163	17
0	164	33
0	165	-19
0	166	52
0	167	27
0	168	43
0	169	-4
0	170	51
0	171	21
0	172	32
0	173	-13
0	174	26
0	175	0
0	176	41
0	177	-26
0	178	50
0	179	33
0	180	35
0	181	-12
0	182	14
0	183	17
0	184	39
0	185	15
0	186	29
0	187	-6
0	188	20
0	189	-11
0	190	27
0	191	-27
0	192	35
0	193	-2
0	194	53
0	195	-30
0	196	24
0	197	15
0	198	31
0	199	-16
0	200	-2
0	201	-51
0	202	77
0	203	-17
0	204	72
0	205	-3
0	206	49
0	207	-40
0	208	42
0	209	-3
0	210	31
0	211	-24
0	212	33
0	213	33
0	214	41
0	215	7
0	216	72
0	217	-36
0	218	29
0	219	-33
0	220	78
0	221	-19
0	222	32
0	223	15
0	224	25
0	225	1
0	226	62
0	227	-50
0	228	37
0	229	5
0	230	53
0	231	0
0	232	29
0	233	-33
0	234	47
0	235	30
0	236	35
0	237	11
0	238	40
0	239	-5
0	240	32
0	241	-12
0	242	44
0	243	-22
0	244	25
0	245	-35
0	246	83
0	247	-8
0	248	65
0	249	17
0	250	34
0	251	-19
0	252	69
0	253	-27
0	254	35
0	255	20
0	256	12
0	257	31
0	258	43
0	259	-44
0	260	35
0	261	-31
0	262	11
0	263	-8
0	264	31
0	265	-36
0	266	25
0	267	-12
0	268	42
0	269	-24
0	270	64
0	271	28
0	272	50
0	273	-29
0	274	65
0	275	-24
0	276	23
0	277	-21
0	278	52
0	279	19
0	280	21
0	281	6
0	282	42
0	283	-16
0	284	-11
0	285	33
0	286	29
0	287	-23
0	288	33
0	289	-9
0	290	49
0	291	-21
0	292	50
0	293	-15
0	294	24
0	295	11
0	296	78
0	297	-22
0	298	30
0	299	-53
0	300	36
0	301	14
0	302	59
0	303	-13
0	304	42
0	305	26
0	306	62
0	307	-17
0	308	28
0	309	7
0	310	13
0	311	1
0	312	22
0	313	1
0	314	33
0	315	-7
0	316	21
0	317	-16
0	318	68
0	319	-22
0	320	52
0	321	24
0	322	35
0	323	18
0	324	39
0	325	23
0	326	45
0	327	-3
0	328	40
0	329	12
0	330	35
0	331	-21
0	332	38
0	333	12
0	334	79
0	335	9
0	336	64
0	337	-35
0	338	62
0	339	-14
0	340	17
0	341	-16
0	342	55
0	343	-41
0	344	46
0	345	-9
0	346	33
0	347	-26
0	348	29
0	349	6
0	350	56
0	351	-10
0	352	25
0	353	26
0	354	33
0	355	-7
0	356	42
0	357	-19
0	358	30
0	359	1
0	360	28
0	361	-49
0	362	46
0	363	-22
0	364	46
0	365	-26
0	366	3
0	367	-20
0	368	52
0	369	24
0	370	9
0	371	5
0	372	44
0	373	30
0	374	60
0	375	-15
0	376	14
0	377	-29
0	378	43
0	379	-46
0	380	33
0	381	23
0	382	46
0	383	-46
0	384	3
0	385	28
0	386	54
0	387	-8
0	388	22
0	389	23
0	390	64
0	391	12
0	392	54
0	393	10
0	394	56
0	395	-14
0	396	61
0	397	32
0	398	-4
0	399	18
0	400	65
0	401	9
0	402	36
0	403	21
0	404	12
0	405	23
0	406	74
0	407	-9
0	408	20
0	409	-3
0	410	52
0	411	3
0	412	69
0	413	24
0	414	33
0	415	-7
0	416	44
0	417	22
0	418	20
0	419	20
0	420	39
0	421	-13
0	422	39
0	423	7
0	424	41
0	425	-17
0	426	44
0	427	-6
0	428	98
0	429	34
0	430	9
0	431	-32
0	432	43
0	433	37
0	434	15
0	435	-14
0	436	50
0	437	-20
0	438	62
0	439	40
0	440	48
0	441	23
0	442	38
0	443	3
0	444	52
0	445	-10
0	446	56
0	447	-9
0	448	33
0	449	-18
0	450	28
0	451	0
0	452	-14
0	453	-14
0	454	48
0	455	-31
0	456	46
0	457	43
0	458	27
0	459	-17
0	460	13
0	461	-63
0	462	47
0	463	10
0	464	9
0	465	27
0	466	48
0	467	-22
0	468	3
0	469	18
0	470	47
0	471	25
0	472	25
0	473	34
0	474	34
0	475	-27
0	476	-1
0	477	-23
0	478	70
0	479	12
0	480	50
0	481	29
0	482	7
0	483	-30
0	484	29
0	485	16
0	486	65
0	487	-19
0	488	28
0	489	19
0	490	25
0	491	-18
0	492	17
0	493	29
0	494	42
0	495	-18
0	496	17
0	497	31
0	498	-4
0	499	-58
0	500	-26
0	501	-99
0	502	14
0	503	-66
0	504	74
0	505	17
0	506	57
0	507	13
0	508	-20
0	509	-13
0	510	85
0	511	-28
0	512	-17
0	513	-7
0	514	-26
0	515	-19
0	516	-10
0	517	-43
0	518	-9
0	519	-3
0	520	-72
0	521	16
0	522	-8
0	523	20
0	524	9
0	525	-3
0	526	-35
0	527	-25
0	528	-44
0	529	-12
0	530	-18
0	531	2
0	532	0
0	533	-25
0	534	-14
0	535	-28
0	536	22
0	537	-28
0	538	-37
0	539	41
0	540	-5
0	541	-61
0	542	-72
0	543	-44
0	544	11
0	545	-11
0	546	25
0	547	-40
0	548	-8
0	549	-6
0	550	-21
0	551	17
0	552	-37
0	553	-32
0	554	-30
0	555	-27
0	556	-2
0	557	35
0	558	20
0	559	-5
0	560	-11
0	561	-37
0	562	-21
0	563	-46
0	564	-21
0	565	23
0	566	-10
0	567	-15
0	568	-37
0	569	2
0	570	-28
0	571	-41
0	572	1
0	573	-52
0	574	-36
0	575	5
0	576	-49
0	577	-37
0	578	-29
0	579	-21
0	580	0
0	581	-49
0	582	16
0	583	6
0	584	-24
0	585	-52
0	586	-45
0	587	-19
0	588	26
0	589	-28
0	590	-15
0	591	-52
0	592	-19
0	593	-15
0	594	-68
0	595	-20
0	596	-25
0	597	-37
0	598	-23
0	599	-6
0	600	-34
0	601	-30
0	602	-23
0	603	4
0	604	-8
0	605	-12
0	606	-25
0	607	8
0	608	-20
0	609	-24
0	610	-6
0	611	11
0	612	-44
0	613	-66
0	614	-50
0	615	-32
0	616	1
0	617	12
0	618	-2
0	619	-10
0	620	-34
0	621	8
0	622	-38
0	623	-25
0	624	8
0	625	3
0	626	-3
0	627	-20
0	628	14
0	629	-33
0	630	-24
0	631	-20
0	632	-36
0	633	-8
0	634	15
0	635	-9
0	636	-37
0	637	8
0	638	14
0	639	-28
0	640	2
0	641	-15
0	642	-67
0	643	-32
0	644	-32
0	645	-5
0	646	26
0	647	-38
0	648	5
0	649	-43
0	650	-5
0	651	10
0	652	-31
0	653	-29
0	654	-3
0	655	-11
0	656	-10
0	657	-15
0	658	-44
0	659	-27
0	660	-21
0	661	-50
0	662	18
0	663	-5
0	664	-7
0	665	3
0	666	-37
0	667	17
0	668	-44
0	669	-7
0	670	-12
0	671	-13
0	672	-62
0	673	-36
0	674	-23
0	675	-22
0	676	-1
0	677	4
0	678	-50
0	679	-18
0	680	-39
0	681	-16
0	682	-21
0	683	1
0	684	-18
0	685	-34
0	686	-54
0	687	-4
0	688	10
0	689	23
0	690	29
0	691	13
0	692	-14
0	693	-41
0	694	-27
0	695	-10
0	696	-26
0	697	12
0	698	-3
0	699	-53
0	700	1
0	701	11
0	702	10
0	703	-49
0	704	-74
0	705	-26
0	706	-51
0	707	-27
0	708	-9
0	709	-33
0	710	-34
0	711	-35
0	712	-47
0	713	-41
0	714	-4
0	715	-4
0	716	-34
0	717	-2
0	718	34
0	719	-15
0	720	-3
0	721	13
0	722	-1
0	723	-31
0	724	-40
0	725	-26
0	726	9
0	727	-30
0	728	-2
0	729	-35
0	730	-37
0	731	-21
0	732	-17
0	733	-30
0	734	-17
0	735	-22
0	736	32
0	737	15
0	738	4
0	739	5
0	740	-2
0	741	-20
0	742	-32
0	743	-27
0	744	9
0	745	-3
0	746	18
0	747	4
0	748	-4
0	749	-25
0	750	-20
0	751	35
0	752	1
0	753	-45
0	754	-37
0	755	0
0	756	17
0	757	-17
0	758	-56
0	759	-38
0	760	-62
0	761	0
0	762	-3
0	763	7
0	764	-8
0	765	13
0	766	-15
0	767	-27
0	768	-62
0	769	-4
0	770	-49
0	771	-8
0	772	-44
0	773	0
0	774	-66
0	775	4
0	776	-57
0	777	13
0	778	-25
0	779	-9
0	780	-18
0	781	-30
0	782	-47
0	783	-33
0	784	-17
0	785	-3
0	786	-37
0	787	-10
0	788	-24
0	789	-27
0	790	-21
0	791	14
0	792	-47
0	793	-39
0	794	0
0	795	-20
0	796	-30
0	797	6
0	798	29
0	799	10
0	800	1
0	801	13
0	802	-45
0	803	12
0	804	-13
0	805	2
0	806	-3
0	807	-8
0	808	-23
0	809	-16
0	810	9
0	811	-6
0	812	5
0	813	-10
0	814	7
0	815	-37
0	816	-15
0	817	-40
0	818	-8
0	819	-18
0	820	-5
0	821	-35
0	822	-40
0	823	-15
0	824	-7
0	825	8
0	826	-42
0	827	21
0	828	-17
0	829	-6
0	830	-16
0	831	-21
0	832	-25
0	833	-26
0	834	-45
0	835	-7
0	836	-27
0	837	-20
0	838	4
0	839	-37
0	840	-49
0	841	3
0	842	11
0	843	-41
0	844	-19
0	845	9
0	846	-14
0	847	-32
0	848	11
0	849	-15
0	850	-20
0	851	-4
0	852	-1
0	853	-59
0	854	-23
0	855	-15
0	856	8
0	857	-27
0	858	33
0	859	1
0	860	-21
0	861	-8
0	862	-31
0	863	15
0	864	-3
0	865	-17
0	866	-21
0	867	-40
0	868	-41
0	869	-53
0	870	-28
0	871	4
0	872	1
0	873	-23
0	874	-19
0	875	8
0	876	-16
0	877	-47
0	878	-32
0	879	9
0	880	-14
0	881	-15
0	882	-35
0	883	-9
0	884	-22
0	885	-4
0	886	-20
0	887	-15
0	888	6
0	889	-45
0	890	-26
0	891	-19
0	892	-31
0	893	-35
0	894	-31
0	895	-26
0	896	-60
0	897	-17
0	898	-39
0	899	-13
0	900	-38
0	901	-46
0	902	-15
0	903	-12
0	904	-31
0	905	-61
0	906	25
0	907	-15
0	908	-11
0	909	-35
0	910	23
0	911	-4
0	912	-18
0	913	-45
0	914	-64
0	915	-7
0	916	0
0	917	-59
0	918	-32
0	919	-23
0	920	-29
0	921	23
0	922	-4
0	923	11
0	924	-4
0	925	-26
0	926	-39
0	927	-14
0	928	-21
0	929	-19
0	930	10
0	931	-52
0	932	-32
0	933	19
0	934	-7
0	935	-19
0	936	13
0	937	-11
0	938	-58
0	939	-29
0	940	22
0	941	-17
0	942	-5
0	943	-5
0	944	10
0	945	6
0	946	-10
0	947	32
0	948	-14
0	949	-1
0	950	-11
0	951	0
0	952	-54
0	953	-24
0	954	-35
0	955	10
0	956	-4
0	957	-15
0	958	-32
0	959	-8
0	960	-31
0	961	-1
0	962	-42
0	963	-53
0	964	-35
0	965	-36
0	966	7
0	967	10
0	968	-9
0	969	-25
0	970	-16
0	971	2
0	972	-9
0	973	-33
0	974	5
0	975	0
0	976	-16
0	977	-65
0	978	-34
0	979	17
0	980	-3
0	981	2
0	982	11
0	983	-18
0	984	-38
0	985	26
0	986	-47
0	987	33
0	988	-20
0	989	-1
0	990	-4
0	991	-74
0	992	-26
0	993	-35
0	994	-62
0	995	-11
0	996	5
0	997	-11
0	998	5
0	999	13
0	1000	-5
0	1001	-23
0	1002	-45
0	1003	4
0	1004	-11
0	1005	-22
0	1006	-19
0	1007	-54
0	1008	-4
0	1009	-5
0	1010	-52
0	1011	-68
0	1012	-28
0	1013	-47
0	1014	-15
0	1015	-12
0	1016	-29
0	1017	-47
0	1018	-31
0	1019	-2
0	1020	-38
0	1021	-32
0	1022	-55
0	1023	-10
1	0	2
1	1	-13
1	2	32
1	3	-21
1	4	36
1	5	2
1	6	51
1	7	-37
1	8	87
1	9	-15
1	10	54
1	11	7
1	12	19
1	13	24
1	14	52
1	15	16
1	16	30
1	17	20
1	18	33
1	19	34
1	20	34
1	21	8
1	22	47
1	23	-21
1	24	89
1	25	25
1	26	40
1	27	-13
1	28	-6
1	29	10
1	30	53
1	31	-10
1	32	49
1	33	-10
1	34	36
1	35	-27
1	36	69
1	37	7
1	38	55
1	39	-19
1	40	69
1	41	-7
1	42	24
1	43	22
1	44	71
1	45	5
1	46	49
1	47	-18
1	48	52
1	49	13
1	50	67
1	51	-17
1	52	18
1	53	-9
1	54	67
1	55	-11
1	56	62
1	57	-1
1	58	12
1	59	-13
1	60	25
1	61	45
1	62	38
1	63	-12
1	64	36
1	65	24
1	66	37
1	67	-35
1	68	15
1	69	1
1	70	60
1	71	2
1	72	47
1	73	-21
1	74	69
1	75	27
1	76	71
1	77	-10
1	78	54
1	79	-11
1	80	70
1	81	28
1	82	67
1	83	17
1	84	59
1	85	-18
1	86	50
1	87	-1
1	88	47
1	89	-16
1	90	56
1	91	-25
1	92	-4
1	93	13
1	94	10
1	95	28
1	96	58
1	97	-11
1	98	39
1	99	-20
1	100	20
1	101	20
1	102	47
1	103	0
1	104	12
1	105	-11
1	106	38
1	107	21
1	108	64
1	109	-18
1	110	6
1	111	-37
1	112	39
1	113	27
1	114	13
1	115	-19
1	116	25
1	117	-29
1	118	17
1	119	-24
1	120	3
1	121	28
1	122	53
1	123	3
1	124	46
1	125	-9
1	126	32
1	127	-30
1	128	34
1	129	-26
1	130	35
1	131	-7
1	132	20
1	133	6
1	134	36
1	135	6
1	136	95
1	137	14
1	138	73
1	139	-3
1	140	28
1	141	46
1	142	51
1	143	-4
1	144	13
1	145	-30
1	146	68
1	147	1
1	148	54
1	149	-26
1	150	98
1	151	16
1	152	66
1	153	23
1	154	60
1	155	-35
1	156	50
1	157	23
1	158	77
1	159	2
1	160	13
1	161	-1
1	162	46
1	163	43
1	164	40
1	165	-6
1	166	57
1	167	46
1	168	57
1	169	-17
1	170	56
1	171	-14
1	172	66
1	173	18
1	174	60
1	175	-32
1	176	24
1	177	4
1	178	34
1	179	15
1	180	71
1	181	-51
1	182	48
1	183	7
1	184	39
1	185	-5
1	186	78
1	187	12
1	188	61
1	189	-19
1	190	57
1	191	-12
1	192	65
1	193	-23
1	194	-1
1	195	-2
1	196	9
1	197	-24
1	198	55
1	199	9
1	200	32
1	201	11
1	202	30
1	203	-1
1	204	51
1	205	28
1	206	22
1	207	-17
1	208	94
1	209	-11
1	210	52
1	211	-24
1	212	36
1	213	46
1	214	64
1	215	-15
1	216	45
1	217	-11
1	218	14
1	219	-45
1	220	80
1	221	1
1	222	46
1	223	4
1	224	26
1	225	15
1	226	53
1	227	-29
1	228	42
1	229	0
1	230	41
1	231	-35
1	232	45
1	233	16
1	234	12
1	235	-3
1	236	56
1	237	14
1	238	39
1	239	-21
1	240	77
1	241	-3
1	242	103
1	243	16
1	244	49
1	245	-18
1	246	66
1	247	-17
1	248	31
1	249	-29
1	250	28
1	251	-16
1	252	50
1	253	8
1	254	21
1	255	-36
1	256	14
1	257	-29
1	258	62
1	259	12
1	260	44
1	261	-22
1	262	80
1	263	-46
1	264	26
1	265	9
1	266	33
1	267	8
1	268	25
1	269	51
1	270	14
1	271	-31
1	272	30
1	273	18
1	274	27
1	275	0
1	276	58
1	277	5
1	278	21
1	279	-39
1	280	55
1	281	12
1	282	37
1	283	22
1	284	21
1	285	12
1	286	64
1	287	-14
1	288	29
1	289	6
1	290	82
1	291	-21
1	292	30
1	293	-39
1	294	23
1	295	15
1	296	55
1	297	1
1	298	14
1	299	-8
1	300	68
1	301	-1
1	302	32
1	303	-36
1	304	31
1	305	-5
1	306	33
1	307	-4
1	308	23
1	309	-20
1	310	40
1	311	-15
1	312	46
1	313	3
1	314	53
1	315	3
1	316	26
1	317	12
1	318	91
1	319	-13
1	320	45
1	321	4
1	322	14
1	323	-44
1	324	44
1	325	45
1	326	40
1	327	-29
1	328	11
1	329	18
1	330	40
1	331	2
1	332	58
1	333	9
1	334	63
1	335	-17
1	336	-11
1	337	-12
1	338	64
1	339	15
1	340	32
1	341	1
1	342	46
1	343	-4
1	344	39
1	345	29
1	346	53
1	347	-12
1	348	61
1	349	23
1	350	12
1	351	12
1	352	44
1	353	-42
1	354	58
1	355	23
1	356	49
1	357	-28
1	358	51
1	359	-12
1	360	68
1	361	-17
1	362	19
1	363	-18
1	364	10
1	365	-16
1	366	52
1	367	36
1	368	7
1	369	45
1	370	9
1	371	-46
1	372	22
1	373	17
1	374	64
1	375	-36
1	376	28
1	377	3
1	378	97
1	379	8
1	380	36
1	381	20
1	382	47
1	383	-63
1	384	36
1	385	21
1	386	56
1	387	-23
1	388	67
1	389	-32
1	390	27
1	391	-28
1	392	68
1	393	22
1	394	12
1	395	-10
1	396	72
1	397	16
1	398	27
1	399	7
1	400	24
1	401	2
1	402	79
1	403	-54
1	404	6
1	405	13
1	406	29
1	407	2
1	408	34
1	409	-39
1	410	44
1	411	29
1	412	52
1	413	-2
1	414	0
1	415	8
1	416	60
1	417	-30
1	418	43
1	419	8
1	420	-19
1	421	19
1	422	44
1	423	5
1	424	22
1	425	-23
1	426	91
1	427	23
1	428	87
1	429	21
1	430	57
1	431	-8
1	432	36
1	433	-4
1	434	30
1	435	-60
1	436	77
1	437	-17
1	438	43
1	439	-29
1	440	16
1	441	11
1	442	55
1	443	-28
1	444	53
1	445	-4
1	446	68
1	447	-15
1	448	20
1	449	-15
1	450	15
1	451	2
1	452	51
1	453	-3
1	454	81
1	455	-20
1	456	79
1	457	-13
1	458	43
1	459	-19
1	460	21
1	461	17
1	462	38
1	463	-42
1	464	45
1	465	9
1	466	17
1	467	-36
1	468	55
1	469	13
1	470	66
1	471	-21
1	472	48
1	473	-23
1	474	14
1	475	-31
1	476	63
1	477	11
1	478	15
1	479	24
1	480	43
1	481	2
1	482	55
1	483	-20
1	484	-7
1	485	-18
1	486	43
1	487	-20
1	488	39
1	489	8
1	490	12
1	491	-28
1	492	16
1	493	12
1	494	38
1	495	-13
1	496	60
1	497	-18
1	498	-39
1	499	-62
1	500	-32
1	501	-117
1	502	-30
1	503	-54
1	504	28
1	505	5
1	506	26
1	507	12
1	508	84
1	509	-35
1	510	18
1	511	-27
1	512	-52
1	513	4
1	514	-47
1	515	-45
1	516	-44
1	517	-42
1	518	-82
1	519	-37
1	520	-36
1	521	-17
1	522	24
1	523	6
1	524	-40
1	525	32
1	526	-26
1	527	-25
1	528	27
1	529	-10
1	530	-2
1	531	6
1	532	-5
1	533	-35
1	534	-27
1	535	17
1	536	-40
1	537	10
1	538	37
1	539	-22
1	540	2
1	541	-42
1	542	-26
1	543	16
1	544	2
1	545	29
1	546	-39
1	547	-29
1	548	-18
1	549	-20
1	550	-98
1	551	-5
1	552	-50
1	553	-45
1	554	-32
1	555	-10
1	556	-14
1	557	-30
1	558	-26
1	559	6
1	560	-55
1	561	-41
1	562	-27
1	563	-28
1	564	-32
1	565	-17
1	566	-28
1	567	-26
1	568	0
1	569	-22
1	570	-34
1	571	-13
1	572	-17
1	573	-15
1	574	-10
1	575	2
1	576	-57
1	577	-19
1	578	-5
1	579	-12
1	580	-29
1	581	-28
1	582	-12
1	583	-12
1	584	-4
1	585	8
1	586	-30
1	587	-18
1	588	7
1	589	-18
1	590	-8
1	591	-16
1	592	4
1	593	-48
1	594	3
1	595	-20
1	596	-40
1	597	-18
1	598	-33
1	599	-15
1	600	32
1	601	-17
1	602	-14
1	603	-28
1	604	-26
1	605	-24
1	606	3
1	607	-39
1	608	-40
1	609	-56
1	610	-41
1	611	10
1	612	-37
1	613	6
1	614	-32
1	615	-5
1	616	-49
1	617	-11
1	618	-17
1	619	5
1	620	-7
1	621	-16
1	622	-16
1	623	0
1	624	4
1	625	22
1	626	-34
1	627	-18
1	628	-10
1	629	-14
1	630	-59
1	631	-36
1	632	-33
1	633	-28
1	634	-21
1	635	-32
1	636	-23
1	637	-33
1	638	-77
1	639	-29
1	640	-27
1	641	-29
1	642	-47
1	643	-19
1	644	-29
1	645	-16
1	646	4
1	647	-52
1	648	-32
1	649	-47
1	650	-37
1	651	30
1	652	-18
1	653	-5
1	654	-20
1	655	-8
1	656	-54
1	657	-35
1	658	-28
1	659	-19
1	660	-6
1	661	2
1	662	-24
1	663	-15
1	664	-26
1	665	15
1	666	4
1	667	4
1	668	1
1	669	2
1	670	22
1	671	-26
1	672	9
1	673	-24
1	674	-45
1	675	-16
1	676	-19
1	677	-21
1	678	-38
1	679	7
1	680	-16
1	681	-21
1	682	12
1	683	8
1	684	-34
1	685	-36
1	686	-63
1	687	8
1	688	-21
1	689	13
1	690	-8
1	691	-25
1	692	-37
1	693	0
1	694	-55
1	695	1
1	696	17
1	697	-25
1	698	-8
1	699	-32
1	700	-3
1	701	14
1	702	-2
1	703	-23
1	704	-67
1	705	-41
1	706	-38
1	707	4
1	708	-39
1	709	-11
1	710	-50
1	711	-10
1	712	-2
1	713	-64
1	714	-39
1	715	-38
1	716	-60
1	717	-11
1	718	-30
1	719	9
1	720	-32
1	721	-39
1	722	-24
1	723	4
1	724	-7
1	725	3
1	726	10
1	727	25
1	728	-5
1	729	-5
1	730	-51
1	731	-39
1	732	-42
1	733	3
1	734	-8
1	735	-3
1	736	-33
1	737	-34
1	738	-28
1	739	0
1	740	-2
1	741	-52
1	742	-25
1	743	6
1	744	-6
1	745	-33
1	746	-55
1	747	-28
1	748	29
1	749	1
1	750	40
1	751	-30
1	752	-14
1	753	-16
1	754	18
1	755	-12
1	756	8
1	757	-22
1	758	-19
1	759	29
1	760	-39
1	761	11
1	762	-29
1	763	-35
1	764	-22
1	765	23
1	766	6
1	767	31
1	768	-29
1	769	-14
1	770	-23
1	771	0
1	772	-18
1	773	-4
1	774	-23
1	775	-30
1	776	36
1	777	-32
1	778	-54
1	779	-12
1	780	-12
1	781	17
1	782	-30
1	783	-12
1	784	7
1	785	-4
1	786	-51
1	787	-8
1	788	-2
1	789	-34
1	790	-8
1	791	-22
1	792	-32
1	793	-7
1	794	-34
1	795	-22
1	796	-31
1	797	-8
1	798	-32
1	799	-24
1	800	-8
1	801	-30
1	802	-17
1	803	-28
1	804	-50
1	805	-38
1	806	-66
1	807	-2
1	808	-13
1	809	35
1	810	-12
1	811	15
1	812	-15
1	813	-8
1	814	-56
1	815	23
1	816	11
1	817	-8
1	818	-65
1	819	-15
1	820	45
1	821	-38
1	822	-4
1	823	-2
1	824	7
1	825	-16
1	826	-4
1	827	-10
1	828	-19
1	829	-59
1	830	-40
1	831	-45
1	832	-15
1	833	-29
1	834	-27
1	835	-34
1	836	5
1	837	-12
1	838	39
1	839	-50
1	840	4
1	841	-9
1	842	-34
1	843	0
1	844	-17
1	845	8
1	846	-24
1	847	-27
1	848	-17
1	849	-42
1	850	-29
1	851	-22
1	852	-40
1	853	-1
1	854	9
1	855	-29
1	856	8
1	857	-20
1	858	-31
1	859	-37
1	860	-32
1	861	-4
1	862	-37
1	863	-4
1	864	-33
1	865	-28
1	866	1
1	867	-47
1	868	-16
1	869	-36
1	870	-15
1	871	-28
1	872	24
1	873	-56
1	874	-10
1	875	-18
1	876	4
1	877	-21
1	878	-43
1	879	-14
1	880	-66
1	881	-5
1	882	1
1	883	-53
1	884	21
1	885	-27
1	886	-35
1	887	-37
1	888	0
1	889	-24
1	890	-10
1	891	-32
1	892	-35
1	893	-41
1	894	-17
1	895	-44
1	896	-13
1	897	-32
1	898	-22
1	899	-40
1	900	-29
1	901	-22
1	902	-32
1	903	-25
1	904	1
1	905	-59
1	906	-51
1	907	0
1	908	-14
1	909	-6
1	910	24
1	911	-3
1	912	-40
1	913	-6
1	914	-24
1	915	-6
1	916	-9
1	917	-7
1	918	-36
1	919	38
1	920	-59
1	921	-38
1	922	16
1	923	-6
1	924	-20
1	925	-16
1	926	-4
1	927	9
1	928	-55
1	929	-14
1	930	21
1	931	-53
1	932	-45
1	933	-27
1	934	-41
1	935	-2
1	936	-16
1	937	-11
1	938	-14
1	939	4
1	940	-25
1	941	-23
1	942	-17
1	943	-13
1	944	-15
1	945	-21
1	946	-38
1	947	-70
1	948	4
1	949	-35
1	950	21
1	951	3
1	952	-9
1	953	-14
1	954	-23
1	955	-44
1	956	-32
1	957	-16
1	958	-42
1	959	-26
1	960	-54
1	961	5
1	962	10
1	963	-26
1	964	-7
1	965	16
1	966	-9
1	967	-20
1	968	2
1	969	-18
1	970	-33
1	971	-48
1	972	-18
1	973	-32
1	974	-15
1	975	-31
1	976	-13
1	977	-13
1	978	-27
1	979	-20
1	980	10
1	981	-29
1	982	-27
1	983	-13
1	984	-26
1	985	-11
1	986	-37
1	987	6
1	988	-20
1	989	4
1	990	11
1	991	-7
1	992	-29
1	993	-45
1	994	15
1	995	-23
1	996	-19
1	997	-32
1	998	-34
1	999	-12
1	1000	-11
1	1001	12
1	1002	-77
1	1003	15
1	1004	-21
1	1005	17
1	1006	-26
1	1007	-43
1	1008	-11
1	1009	-30
1	1010	-70
1	1011	-31
1	1012	5
1	1013	-40
1	1014	-1
1	1015	-2
1	1016	-12
1	1017	-21
1	1018	10
1	1019	-56
1	1020	-62
1	1021	-27
1	1022	15
1	1023	-44
2	0	11
2	1	-18
2	2	67
2	3	-19
2	4	67
2	5	-3
2	6	80
2	7	19
2	8	2
2	9	-21
2	10	66
2	11	-11
2	12	36
2	13	6
2	14	62
2	15	-20
2	16	23
2	17	0
2	18	42
2	19	10
2	20	58
2	21	-24
2	22	52
2	23	-2
2	24	25
2	25	-16
2	26	43
2	27	46
2	28	55
2	29	9
2	30	86
2	31	-8
2	32	51
2	33	11
2	34	72
2	35	-29
2	36	42
2	37	6
2	38	74
2	39	16
2	40	76
2	41	25
2	42	68
2	43	4
2	44	10
2	45	35
2	46	50
2	47	9
2	48	-11
2	49	-9
2	50	62
2	51	2
2	52	40
2	53	-23
2	54	67
2	55	-47
2	56	88
2	57	2
2	58	64
2	59	-3
2	60	27
2	61	-45
2	62	-1
2	63	-6
2	64	36
2	65	29
2	66	29
2	67	-24
2	68	16
2	69	-27
2	70	22
2	71	36
2	72	66
2	73	15
2	74	48
2	75	-50
2	76	7
2	77	-9
2	78	46
2	79	-43
2	80	58
2	81	-18
2	82	59
2	83	-16
2	84	57
2	85	-41
2	86	55
2	87	-32
2	88	58
2	89	-13
2	90	40
2	91	10
2	92	39
2	93	-4
2	94	22
2	95	-32
2	96	82
2	97	-25
2	98	56
2	99	-28
2	100	52
2	101	-38
2	102	60
2	103	-28
2	104	34
2	105	-4
2	106	27
2	107	-21
2	108	7
2	109	30
2	110	35
2	111	-21
2	112	65
2	113	-3
2	114	31
2	115	-5
2	116	26
2	117	15
2	118	43
2	119	-3
2	120	41
2	121	-15
2	122	-23
2	123	-22
2	124	22
2	125	43
2	126	68
2	127	-6
2	128	48
2	129	-14
2	130	24
2	131	-66
2	132	30
2	133	-32
2	134	56
2	135	10
2	136	40
2	137	-6
2	138	52
2	139	-4
2	140	73
2	141	7
2	142	45
2	143	25
2	144	30
2	145	-14
2	146	82
2	147	-9
2	148	51
2	149	-25
2	150	61
2	151	-30
2	152	57
2	153	-8
2	154	52
2	155	19
2	156	44
2	157	-16
2	158	53
2	159	5
2	160	-1
2	161	-8
2	162	54
2	163	-14
2	164	69
2	165	-48
2	166	32
2	167	5
2	168	39
2	169	6
2	170	64
2	171	2
2	172	50
2	173	-40
2	174	50
2	175	8
2	176	55
2	177	-1
2	178	15
2	179	-29
2	180	3
2	181	6
2	182	58
2	183	-20
2	184	20
2	185	-22
2	186	51
2	187	-12
2	188	14
2	189	17
2	190	58
2	191	-32
2	192	32
2	193	18
2	194	67
2	195	3
2	196	24
2	197	17
2	198	22
2	199	-6
2	200	62
2	201	22
2	202	61
2	203	-8
2	204	49
2	205	4
2	206	34
2	207	-34
2	208	25
2	209	1
2	210	57
2	211	-43
2	212	-7
2	213	-6
2	214	22
2	215	8
2	216	48
2	217	-16
2	218	60
2	219	0
2	220	28
2	221	-22
2	222	56
2	223	21
2	224	67
2	225	-13
2	226	36
2	227	-24
2	228	70
2	229	12
2	230	36
2	231	-63
2	232	48
2	233	-55
2	234	64
2	235	-9
2	236	51
2	237	5
2	238	23
2	239	-26
2	240	40
2	241	-29
2	242	5
2	243	-59
2	244	31
2	245	12
2	246	49
2	247	0
2	248	15
2	249	-10
2	250	53
2	251	3
2	252	40
2	253	12
2	254	63
2	255	-18
2	256	52
2	257	2
2	258	20
2	259	-14
2	260	54
2	261	-26
2	262	43
2	263	7
2	264	17
2	265	1
2	266	41
2	267	37
2	268	21
2	269	-17
2	270	54
2	271	-23
2	272	21
2	273	-27
2	274	42
2	275	-8
2	276	36
2	277	-3
2	278	53
2	279	-9
2	280	49
2	281	15
2	282	19
2	283	-25
2	284	3
2	285	-7
2	286	48
2	287	28
2	288	74
2	289	13
2	290	44
2	291	-37
2	292	39
2	293	-46
2	294	79
2	295	-45
2	296	52
2	297	-2
2	298	63
2	299	-31
2	300	114
2	301	21
2	302	31
2	303	-66
2	304	53
2	305	-20
2	306	21
2	307	-2
2	308	19
2	309	-6
2	310	37
2	311	-18
2	312	43
2	313	-31
2	314	73
2	315	-45
2	316	64
2	317	-25
2	318	18
2	319	-55
2	320	-5
2	321	-18
2	322	32
2	323	-43
2	324	23
2	325	6
2	326	58
2	327	-21
2	328	17
2	329	27
2	330	80
2	331	-39
2	332	46
2	333	9
2	334	66
2	335	34
2	336	56
2	337	2
2	338	49
2	339	-31
2	340	74
2	341	-11
2	342	62
2	343	-3
2	344	55
2	345	-14
2	346	27
2	347	-6
2	348	30
2	349	13
2	350	65
2	351	20
2	352	35
2	353	4
2	354	44
2	355	-52
2	356	55
2	357	-30
2	358	79
2	359	-28
2	360	81
2	361	-7
2	362	65
2	363	1
2	364	51
2	365	-12
2	366	17
2	367	-73
2	368	67
2	369	9
2	370	54
2	371	-34
2	372	68
2	373	-11
2	374	60
2	375	-29
2	376	53
2	377	-20
2	378	32
2	379	-21
2	380	30
2	381	20
2	382	10
2	383	-20
2	384	43
2	385	-6
2	386	24
2	387	14
2	388	36
2	389	42
2	390	60
2	391	4
2	392	56
2	393	-16
2	394	40
2	395	-8
2	396	-1
2	397	-7
2	398	60
2	399	-3
2	400	36
2	401	-7
2	402	68
2	403	-37
2	404	26
2	405	-28
2	406	54
2	407	4
2	408	64
2	409	-38
2	410	30
2	411	6
2	412	64
2	413	-62
2	414	44
2	415	-7
2	416	40
2	417	7
2	418	72
2	419	27
2	420	28
2	421	-24
2	422	46
2	423	-31
2	424	11
2	425	-50
2	426	38
2	427	10
2	428	55
2	429	10
2	430	55
2	431	-14
2	432	59
2	433	-35
2	434	78
2	435	26
2	436	27
2	437	11
2	438	39
2	439	-32
2	440	44
2	441	-22
2	442	44
2	443	-11
2	444	5
2	445	-16
2	446	23
2	447	-9
2	448	26
2	449	41
2	450	29
2	451	-9
2	452	33
2	453	0
2	454	42
2	455	-25
2	456	17
2	457	12
2	458	42
2	459	-11
2	460	55
2	461	-13
2	462	24
2	463	1
2	464	50
2	465	4
2	466	20
2	467	-10
2	468	17
2	469	5
2	470	42
2	471	-5
2	472	61
2	473	27
2	474	74
2	475	-9
2	476	48
2	477	-16
2	478	30
2	479	-31
2	480	59
2	481	6
2	482	44
2	483	-11
2	484	29
2	485	-35
2	486	15
2	487	48
2	488	-18
2	489	-20
2	490	59
2	491	1
2	492	38
2	493	9
2	494	50
2	495	-31
2	496	78
2	497	-28
2	498	-28
2	499	-72
2	500	-64
2	501	-1
2	502	-42
2	503	-86
2	504	32
2	505	-22
2	506	19
2	507	7
2	508	57
2	509	-18
2	510	79
2	511	31
2	512	14
2	513	15
2	514	-7
2	515	-37
2	516	-3
2	517	17
2	518	-4
2	519	9
2	520	-14
2	521	-28
2	522	-11
2	523	2
2	524	-20
2	525	-22
2	526	-31
2	527	2
2	528	20
2	529	12
2	530	21
2	531	-23
2	532	-9
2	533	-44
2	534	-14
2	535	31
2	536	-15
2	537	-47
2	538	-27
2	539	2
2	540	-19
2	541	-6
2	542	-16
2	543	-14
2	544	-8
2	545	-30
2	546	-52
2	547	-13
2	548	14
2	549	-38
2	550	23
2	551	-38
2	552	23
2	553	2
2	554	-31
2	555	-1
2	556	-32
2	557	-15
2	558	-54
2	559	12
2	560	3
2	561	-18
2	562	-28
2	563	-15
2	564	3
2	565	27
2	566	-25
2	567	-34
2	568	-21
2	569	-22
2	570	-21
2	571	-11
2	572	-50
2	573	8
2	574	-25
2	575	-29
2	576	-46
2	577	-3
2	578	-59
2	579	-50
2	580	-7
2	581	0
2	582	-46
2	583	-20
2	584	5
2	585	-32
2	586	-17
2	587	-9
2	588	-35
2	589	-37
2	590	-28
2	591	-43
2	592	-3
2	593	-8
2	594	16
2	595	1
2	596	-14
2	597	-33
2	598	-2
2	599	-26
2	600	-62
2	601	0
2	602	15
2	603	-4
2	604	25
2	605	0
2	606	-24
2	607	7
2	608	1
2	609	-23
2	610	-11
2	611	-2
2	612	-18
2	613	-4
2	614	0
2	615	-62
2	616	12
2	617	8
2	618	5
2	619	-32
2	620	-47
2	621	-10
2	622	-37
2	623	-16
2	624	-30
2	625	-12
2	626	-31
2	627	-24
2	628	14
2	629	-2
2	630	-8
2	631	0
2	632	-13
2	633	-40
2	634	18
2	635	-3
2	636	7
2	637	-2
2	638	-16
2	639	-38
2	640	5
2	641	-34
2	642	-43
2	643	-18
2	644	-22
2	645	-5
2	646	-45
2	647	-3
2	648	-65
2	649	-32
2	650	-28
2	651	-49
2	652	-57
2	653	-4
2	654	-61
2	655	-6
2	656	-66
2	657	2
2	658	-5
2	659	-29
2	660	-27
2	661	-63
2	662	-37
2	663	23
2	664	1
2	665	-30
2	666	-9
2	667	-10
2	668	-58
2	669	-27
2	670	-11
2	671	-24
2	672	-46
2	673	-23
2	674	-13
2	675	-41
2	676	-3
2	677	-48
2	678	-2
2	679	13
2	680	-7
2	681	-5
2	682	23
2	683	-19
2	684	-15
2	685	-19
2	686	-10
2	687	-9
2	688	25
2	689	-20
2	690	-28
2	691	-14
2	692	56
2	693	-12
2	694	-6
2	695	-9
2	696	-8
2	697	0
2	698	-11
2	699	28
2	700	-26
2	701	-26
2	702	7
2	703	-1
2	704	14
2	705	-16
2	706	-21
2	707	-19
2	708	-15
2	709	-50
2	710	-1
2	711	13
2	712	25
2	713	-63
2	714	-13
2	715	-24
2	716	2
2	717	-30
2	718	4
2	719	-19
2	720	16
2	721	-15
2	722	-11
2	723	-21
2	724	-21
2	725	-44
2	726	-22
2	727	-5
2	728	7
2	729	-25
2	730	-27
2	731	13
2	732	11
2	733	-35
2	734	-21
2	735	-53
2	736	-17
2	737	16
2	738	-42
2	739	-10
2	740	-20
2	741	-16
2	742	-53
2	743	-2
2	744	22
2	745	-21
2	746	-30
2	747	-13
2	748	-39
2	749	-41
2	750	5
2	751	-9
2	752	8
2	753	-3
2	754	-48
2	755	-16
2	756	-36
2	757	4
2	758	-36
2	759	17
2	760	-44
2	761	-16
2	762	-45
2	763	-16
2	764	8
2	765	-17
2	766	-6
2	767	-18
2	768	-44
2	769	-42
2	770	8
2	771	10
2	772	-47
2	773	-24
2	774	-28
2	775	-50
2	776	-48
2	777	-19
2	778	-12
2	779	-2
2	780	-18
2	781	33
2	782	-39
2	783	3
2	784	-20
2	785	11
2	786	-78
2	787	-31
2	788	-26
2	789	-31
2	790	22
2	791	8
2	792	23
2	793	-34
2	794	-40
2	795	-6
2	796	-23
2	797	-38
2	798	-17
2	799	31
2	800	-34
2	801	-38
2	802	-18
2	803	13
2	804	14
2	805	-13
2	806	-55
2	807	-26
2	808	9
2	809	-41
2	810	-8
2	811	-34
2	812	-39
2	813	-8
2	814	-19
2	815	-19
2	816	-14
2	817	-17
2	818	-37
2	819	-53
2	820	-34
2	821	25
2	822	-29
2	823	9
2	824	6
2	825	-23
2	826	-28
2	827	-20
2	828	-9
2	829	-21
2	830	-29
2	831	-34
2	832	3
2	833	24
2	834	-68
2	835	-38
2	836	21
2	837	-36
2	838	3
2	839	-32
2	840	-31
2	841	14
2	842	15
2	843	-13
2	844	-16
2	845	-34
2	846	-4
2	847	2
2	848	-19
2	849	-28
2	850	-2
2	851	-8
2	852	15
2	853	-49
2	854	-29
2	855	-20
2	856	-43
2	857	4
2	858	-25
2	859	-15
2	860	-32
2	861	-16
2	862	-28
2	863	-33
2	864	1
2	865	6
2	866	-3
2	867	-20
2	868	-14
2	869	-26
2	870	-8
2	871	22
2	872	0
2	873	-38
2	874	-14
2	875	20
2	876	-24
2	877	14
2	878	-12
2	879	-28
2	880	-3
2	881	-35
2	882	-12
2	883	-21
2	884	-14
2	885	4
2	886	-7
2	887	9
2	888	-20
2	889	-68
2	890	20
2	891	-36
2	892	-18
2	893	-3
2	894	-14
2	895	-10
2	896	0
2	897	-21
2	898	-1
2	899	0
2	900	-17
2	901	-15
2	902	-26
2	903	18
2	904	-38
2	905	-47
2	906	-36
2	907	-20
2	908	-16
2	909	8
2	910	-5
2	911	8
2	912	-11
2	913	9
2	914	-2
2	915	-28
2	916	-26
2	917	11
2	918	-1
2	919	-18
2	920	-18
2	921	-20
2	922	33
2	923	-55
2	924	-4
2	925	-36
2	926	-10
2	927	-39
2	928	-14
2	929	-8
2	930	-3
2	931	-6
2	932	-29
2	933	-44
2	934	4
2	935	17
2	936	-11
2	937	-12
2	938	-15
2	939	-35
2	940	-25
2	941	-30
2	942	-15
2	943	-20
2	944	-35
2	945	-39
2	946	-14
2	947	-18
2	948	8
2	949	-38
2	950	19
2	951	-20
2	952	-5
2	953	-31
2	954	-3
2	955	-52
2	956	-10
2	957	-63
2	958	-35
2	959	-38
2	960	-20
2	961	4
2	962	10
2	963	7
2	964	-22
2	965	-20
2	966	14
2	967	8
2	968	-33
2	969	-40
2	970	-9
2	971	-29
2	972	15
2	973	-9
2	974	-53
2	975	-36
2	976	-36
2	977	-37
2	978	-6
2	979	-17
2	980	-60
2	981	-21
2	982	-21
2	983	-1
2	984	-39
2	985	-25
2	986	-64
2	987	-57
2	988	-9
2	989	-23
2	990	-31
2	991	-60
2	992	-17
2	993	39
2	994	9
2	995	-5
2	996	-28
2	997	-19
2	998	-54
2	999	-5
2	1000	1
2	1001	-32
2	1002	-51
2	1003	-17
2	1004	-5
2	1005	-7
2	1006	-13
2	1007	-18
2	1008	-15
2	1009	-15
2	1010	-40
2	1011	-59
2	1012	-23
2	1013	-45
2	1014	-8
2	1015	-40
2	1016	-9
2	1017	-34
2	1018	-43
2	1019	8
2	1020	-34
2	1021	-1
2	1022	-52
2	1023	-24
3	0	52
3	1	-35
3	2	51
3	3	23
3	4	18
3	5	-42
3	6	35
3	7	-1
3	8	38
3	9	-9
3	10	57
3	11	7
3	12	62
3	13	-13
3	14	47
3	15	6
3	16	74
3	17	18
3	18	47
3	19	-6
3	20	59
3	21	-2
3	22	74
3	23	1
3	24	11
3	25	8
3	26	41
3	27	-9
3	28	35
3	29	-15
3	30	24
3	31	-31
3	32	10
3	33	-5
3	34	51
3	35	-44
3	36	53
3	37	-16
3	38	-8
3	39	4
3	40	33
3	41	-7
3	42	20
3	43	-12
3	44	11
3	45	11
3	46	62
3	47	-25
3	48	32
3	49	-17
3	50	93
3	51	-63
3	52	19
3	53	3
3	54	35
3	55	-36
3	56	60
3	57	-10
3	58	33
3	59	26
3	60	27
3	61	20
3	62	71
3	63	-5
3	64	17
3	65	-1
3	66	2
3	67	3
3	68	26
3	69	-2
3	70	58
3	71	32
3	72	43
3	73	-6
3	74	21
3	75	-38
3	76	59
3	77	-50
3	78	43
3	79	-12
3	80	32
3	81	25
3	82	22
3	83	12
3	84	25
3	85	-5
3	86	85
3	87	1
3	88	67
3	89	-41
3	90	20
3	91	-18
3	92	36
3	93	6
3	94	62
3	95	-21
3	96	51
3	97	-41
3	98	0
3	99	-41
3	100	28
3	101	-36
3	102	39
3	103	1
3	104	70
3	105	-15
3	106	48
3	107	2
3	108	53
3	109	7
3	110	34
3	111	13
3	112	77
3	113	29
3	114	48
3	115	-39
3	116	65
3	117	-27
3	118	16
3	119	-25
3	120	84
3	121	-4
3	122	39
3	123	28
3	124	51
3	125	34
3	126	45
3	127	-34
3	128	65
3	129	22
3	130	58
3	131	-16
3	132	72
3	133	-26
3	134	89
3	135	-2
3	136	99
3	137	-30
3	138	50
3	139	7
3	140	-4
3	141	5
3	142	40
3	143	-19
3	144	75
3	145	24
3	146	48
3	147	-54
3	148	87
3	149	-21
3	150	24
3	151	0
3	152	10
3	153	17
3	154	38
3	155	-14
3	156	75
3	157	-10
3	158	74
3	159	0
3	160	48
3	161	-21
3	162	30
3	163	-42
3	164	-17
3	165	-25
3	166	33
3	167	-16
3	168	41
3	169	-30
3	170	56
3	171	-28
3	172	27
3	173	-13
3	174	51
3	175	6
3	176	37
3	177	-31
3	178	18
3	179	-35
3	180	47
3	181	-8
3	182	61
3	183	-12
3	184	46
3	185	-20
3	186	61
3	187	-11
3	188	88
3	189	-42
3	190	49
3	191	-26
3	192	74
3	193	-28
3	194	25
3	195	-46
3	196	19
3	197	5
3	198	69
3	199	-7
3	200	51
3	201	18
3	202	31
3	203	-11
3	204	40
3	205	14
3	206	24
3	207	28
3	208	56
3	209	-22
3	210	52
3	211	25
3	212	41
3	213	11
3	214	45
3	215	-43
3	216	44
3	217	-20
3	218	61
3	219	-10
3	220	33
3	221	3
3	222	56
3	223	-10
3	224	37
3	225	-43
3	226	50
3	227	-19
3	228	50
3	229	37
3	230	60
3	231	16
3	232	66
3	233	0
3	234	50
3	235	-28
3	236	53
3	237	6
3	238	58
3	239	-8
3	240	77
3	241	1
3	242	56
3	243	-24
3	244	28
3	245	-9
3	246	90
3	247	6
3	248	50
3	249	-34
3	250	-6
3	251	-6
3	252	61
3	253	-12
3	254	28
3	255	-29
3	256	40
3	257	-9
3	258	48
3	259	-20
3	260	7
3	261	-40
3	262	63
3	263	-35
3	264	42
3	265	-11
3	266	56
3	267	-51
3	268	22
3	269	1
3	270	37
3	271	8
3	272	16
3	273	5
3	274	55
3	275	-26
3	276	67
3	277	8
3	278	63
3	279	20
3	280	73
3	281	24
3	282	51
3	283	-33
3	284	93
3	285	-28
3	286	77
3	287	-29
3	288	77
3	289	-41
3	290	48
3	291	-11
3	292	24
3	293	17
3	294	29
3	295	-10
3	296	55
3	297	7
3	298	75
3	299	13
3	300	20
3	301	7
3	302	45
3	303	-55
3	304	37
3	305	32
3	306	24
3	307	-51
3	308	82
3	309	-2
3	310	43
3	311	-43
3	312	43
3	313	-16
3	314	32
3	315	-34
3	316	80
3	317	-10
3	318	17
3	319	-24
3	320	3
3	321	-7
3	322	36
3	323	12
3	324	63
3	325	27
3	326	86
3	327	-24
3	328	82
3	329	29
3	330	54
3	331	-13
3	332	58
3	333	-14
3	334	57
3	335	-18
3	336	27
3	337	-41
3	338	50
3	339	-2
3	340	26
3	341	-19
3	342	9
3	343	-19
3	344	65
3	345	-22
3	346	57
3	347	-19
3	348	82
3	349	-6
3	350	68
3	351	0
3	352	47
3	353	2
3	354	10
3	355	44
3	356	30
3	357	16
3	358	39
3	359	15
3	360	26
3	361	-7
3	362	41
3	363	11
3	364	25
3	365	-27
3	366	37
3	367	12
3	368	76
3	369	-18
3	370	20
3	371	-27
3	372	29
3	373	-27
3	374	75
3	375	-14
3	376	24
3	377	-3
3	378	45
3	379	-31
3	380	17
3	381	-19
3	382	42
3	383	-28
3	384	28
3	385	-12
3	386	46
3	387	-3
3	388	37
3	389	-67
3	390	11
3	391	3
3	392	68
3	393	-43
3	394	58
3	395	-42
3	396	52
3	397	10
3	398	28
3	399	-43
3	400	72
3	401	-20
3	402	34
3	403	-1
3	404	44
3	405	-12
3	406	98
3	407	12
3	408	26
3	409	-25
3	410	52
3	411	-32
3	412	56
3	413	38
3	414	64
3	415	30
3	416	96
3	417	-2
3	418	54
3	419	-21
3	420	25
3	421	26
3	422	31
3	423	5
3	424	-6
3	425	4
3	426	42
3	427	-2
3	428	46
3	429	11
3	430	59
3	431	28
3	432	31
3	433	6
3	434	22
3	435	2
3	436	6
3	437	-54
3	438	44
3	439	-21
3	440	3
3	441	-25
3	442	52
3	443	25
3	444	33
3	445	-41
3	446	31
3	447	-14
3	448	44
3	449	-50
3	450	42
3	451	-1
3	452	63
3	453	-17
3	454	3
3	455	-39
3	456	27
3	457	-5
3	458	48
3	459	22
3	460	36
3	461	-55
3	462	45
3	463	-5
3	464	24
3	465	-13
3	466	49
3	467	14
3	468	56
3	469	-18
3	470	36
3	471	-21
3	472	19
3	473	14
3	474	95
3	475	-14
3	476	34
3	477	-15
3	478	44
3	479	9
3	480	47
3	481	-23
3	482	51
3	483	-42
3	484	37
3	485	-16
3	486	27
3	487	-12
3	488	28
3	489	-27
3	490	15
3	491	-6
3	492	51
3	493	-9
3	494	34
3	495	-31
3	496	31
3	497	18
3	498	-60
3	499	-78
3	500	-51
3	501	-97
3	502	-48
3	503	-119
3	504	71
3	505	-38
3	506	33
3	507	-13
3	508	15
3	509	-12
3	510	47
3	511	2
3	512	-16
3	513	-40
3	514	11
3	515	29
3	516	-39
3	517	-43
3	518	-10
3	519	-24
3	520	-29
3	521	10
3	522	-28
3	523	-65
3	524	-32
3	525	-33
3	526	-23
3	527	-16
3	528	9
3	529	-33
3	530	-9
3	531	-26
3	532	-29
3	533	10
3	534	7
3	535	-56
3	536	17
3	537	-28
3	538	-23
3	539	-14
3	540	-70
3	541	-21
3	542	47
3	543	-14
3	544	-31
3	545	-36
3	546	-13
3	547	-14
3	548	-36
3	549	-22
3	550	-21
3	551	-19
3	552	-37
3	553	-31
3	554	-19
3	555	-27
3	556	-11
3	557	-5
3	558	-11
3	559	-26
3	560	8
3	561	-39
3	562	-21
3	563	11
3	564	2
3	565	-14
3	566	-1
3	567	-25
3	568	-43
3	569	-24
3	570	-7
3	571	-24
3	572	-2
3	573	-27
3	574	7
3	575	-29
3	576	-12
3	577	-19
3	578	-10
3	579	-39
3	580	-28
3	581	-22
3	582	-34
3	583	-27
3	584	-28
3	585	-17
3	586	-8
3	587	-35
3	588	-22
3	589	-57
3	590	-24
3	591	-1
3	592	-41
3	593	-29
3	594	-12
3	595	12
3	596	-4
3	597	-45
3	598	15
3	599	-24
3	600	20
3	601	-31
3	602	-42
3	603	-22
3	604	28
3	605	-15
3	606	-74
3	607	-63
3	608	18
3	609	-69
3	610	-5
3	611	-37
3	612	-11
3	613	-7
3	614	-41
3	615	-11
3	616	-31
3	617	-38
3	618	-57
3	619	-10
3	620	-20
3	621	-50
3	622	-12
3	623	2
3	624	18
3	625	-15
3	626	-20
3	627	-4
3	628	-6
3	629	-25
3	630	-35
3	631	2
3	632	-39
3	633	-28
3	634	-62
3	635	-26
3	636	-14
3	637	-10
3	638	-41
3	639	-23
3	640	-11
3	641	-23
3	642	-29
3	643	-1
3	644	-22
3	645	-22
3	646	-23
3	647	-33
3	648	-18
3	649	6
3	650	-17
3	651	-29
3	652	-32
3	653	-21
3	654	-38
3	655	-12
3	656	-3
3	657	-44
3	658	-46
3	659	-55
3	660	-20
3	661	-26
3	662	-53
3	663	-18
3	664	-20
3	665	2
3	666	-41
3	667	1
3	668	-20
3	669	-21
3	670	-29
3	671	-1
3	672	44
3	673	-19
3	674	-9
3	675	8
3	676	-7
3	677	2
3	678	5
3	679	-62
3	680	-26
3	681	-45
3	682	11
3	683	4
3	684	-27
3	685	-12
3	686	-63
3	687	-14
3	688	14
3	689	7
3	690	-38
3	691	-21
3	692	-23
3	693	-29
3	694	-51
3	695	15
3	696	-2
3	697	-53
3	698	-26
3	699	2
3	700	-26
3	701	-6
3	702	7
3	703	-5
3	704	17
3	705	-23
3	706	-21
3	707	3
3	708	-25
3	709	-32
3	710	11
3	711	-25
3	712	-30
3	713	-45
3	714	-8
3	715	-9
3	716	15
3	717	5
3	718	15
3	719	-46
3	720	31
3	721	-21
3	722	22
3	723	12
3	724	1
3	725	-19
3	726	-8
3	727	-21
3	728	-11
3	729	-43
3	730	-2
3	731	-37
3	732	-24
3	733	-4
3	734	-41
3	735	9
3	736	-39
3	737	-19
3	738	0
3	739	19
3	740	-30
3	741	-23
3	742	-16
3	743	10
3	744	-26
3	745	10
3	746	-29
3	747	-39
3	748	-13
3	749	12
3	750	8
3	751	-12
3	752	-42
3	753	-8
3	754	11
3	755	-27
3	756	35
3	757	-21
3	758	-7
3	759	-35
3	760	-41
3	761	-21
3	762	-38
3	763	-18
3	764	-31
3	765	-2
3	766	-6
3	767	-52
3	768	-43
3	769	-41
3	770	-45
3	771	-4
3	772	-18
3	773	-33
3	774	-61
3	775	-11
3	776	-32
3	777	-11
3	778	-21
3	779	-25
3	780	6
3	781	-33
3	782	-64
3	783	35
3	784	9
3	785	-28
3	786	-81
3	787	-20
3	788	-33
3	789	-24
3	790	-35
3	791	6
3	792	-12
3	793	-36
3	794	26
3	795	-21
3	796	-30
3	797	-18
3	798	16
3	799	-19
3	800	4
3	801	-17
3	802	-6
3	803	14
3	804	2
3	805	-1
3	806	-13
3	807	-19
3	808	5
3	809	-19
3	810	3
3	811	-5
3	812	24
3	813	0
3	814	16
3	815	34
3	816	-35
3	817	-69
3	818	-16
3	819	-3
3	820	-4
3	821	-10
3	822	-57
3	823	-7
3	824	0
3	825	4
3	826	-5
3	827	-38
3	828	-21
3	829	-21
3	830	2
3	831	-10
3	832	-40
3	833	-17
3	834	-34
3	835	-19
3	836	-20
3	837	-19
3	838	-22
3	839	-2
3	840	-23
3	841	-13
3	842	-52
3	843	-24
3	844	-3
3	845	-27
3	846	-24
3	847	-34
3	848	3
3	849	8
3	850	20
3	851	-4
3	852	-24
3	853	-31
3	854	-9
3	855	-10
3	856	-34
3	857	-6
3	858	-52
3	859	-28
3	860	-38
3	861	-16
3	862	-25
3	863	-26
3	864	11
3	865	-37
3	866	-6
3	867	-7
3	868	-15
3	869	-41
3	870	-14
3	871	17
3	872	-30
3	873	-54
3	874	-2
3	875	-14
3	876	-10
3	877	-10
3	878	26
3	879	-12
3	880	-4
3	881	-36
3	882	-4
3	883	14
3	884	24
3	885	0
3	886	-23
3	887	-17
3	888	10
3	889	-9
3	890	-48
3	891	16
3	892	7
3	893	-6
3	894	-8
3	895	-47
3	896	-20
3	897	-28
3	898	-19
3	899	7
3	900	-65
3	901	-21
3	902	1
3	903	-14
3	904	21
3	905	-6
3	906	-41
3	907	12
3	908	-10
3	909	13
3	910	-19
3	911	21
3	912	-6
3	913	-22
3	914	-33
3	915	-9
3	916	-5
3	917	-5
3	918	-59
3	919	-14
3	920	4
3	921	-9
3	922	-35
3	923	-19
3	924	-18
3	925	14
3	926	-16
3	927	2
3	928	-9
3	929	18
3	930	18
3	931	-18
3	932	-7
3	933	-15
3	934	-15
3	935	-30
3	936	-34
3	937	-2
3	938	-2
3	939	-23
3	940	0
3	941	12
3	942	-6
3	943	5
3	944	-20
3	945	-3
3	946	-7
3	947	-31
3	948	-19
3	949	-33
3	950	12
3	951	26
3	952	-18
3	953	-3
3	954	-10
3	955	-38
3	956	8
3	957	-44
3	958	-1
3	959	15
3	960	-20
3	961	-48
3	962	-34
3	963	30
3	964	10
3	965	-29
3	966	1
3	967	-39
3	968	-18
3	969	-54
3	970	4
3	971	-25
3	972	18
3	973	-70
3	974	-18
3	975	13
3	976	32
3	977	8
3	978	-26
3	979	-42
3	980	-42
3	981	-45
3	982	5
3	983	0
3	984	-19
3	985	-37
3	986	-20
3	987	-7
3	988	-45
3	989	-67
3	990	-16
3	991	2
3	992	-29
3	993	-18
3	994	21
3	995	9
3	996	8
3	997	7
3	998	0
3	999	-32
3	1000	2
3	1001	-33
3	1002	-51
3	1003	1
3	1004	-26
3	1005	-11
3	1006	-33
3	1007	-9
3	1008	-17
3	1009	-12
3	1010	12
3	1011	-75
3	1012	-2
3	1013	-4
3	1014	-26
3	1015	31
3	1016	4
3	1017	1
3	1018	7
3	1019	-37
3	1020	10
3	1021	-37
3	1022	-58
3	1023	-9
4	0	44
4	1	-22
4	2	11
4	3	-4
4	4	50
4	5	3
4	6	55
4	7	1
4	8	20
4	9	-39
4	10	39
4	11	-19
4	12	37
4	13	5
4	14	21
4	15	-28
4	16	56
4	17	4
4	18	81
4	19	-31
4	20	59
4	21	-18
4	22	14
4	23	-19
4	24	89
4	25	15
4	26	16
4	27	-37
4	28	59
4	29	-23
4	30	17
4	31	-16
4	32	20
4	33	-87
4	34	55
4	35	-12
4	36	32
4	37	3
4	38	35
4	39	-13
4	40	38
4	41	0
4	42	45
4	43	-33
4	44	35
4	45	-75
4	46	29
4	47	-57
4	48	43
4	49	-29
4	50	50
4	51	4
4	52	1
4	53	-3
4	54	10
4	55	-4
4	56	24
4	57	-20
4	58	65
4	59	-15
4	60	68
4	61	-47
4	62	57
4	63	4
4	64	28
4	65	-26
4	66	43
4	67	-3
4	68	16
4	69	-8
4	70	54
4	71	-2
4	72	41
4	73	1
4	74	54
4	75	21
4	76	51
4	77	21
4	78	25
4	79	-1
4	80	62
4	81	30
4	82	63
4	83	-38
4	84	37
4	85	21
4	86	82
4	87	-15
4	88	36
4	89	34
4	90	66
4	91	11
4	92	44
4	93	-2
4	94	58
4	95	-15
4	96	48
4	97	13
4	98	23
4	99	-4
4	100	38
4	101	-34
4	102	47
4	103	3
4	104	6
4	105	-9
4	106	32
4	107	-10
4	108	50
4	109	-41
4	110	31
4	111	40
4	112	59
4	113	-22
4	114	68
4	115	-33
4	116	46
4	117	-14
4	118	38
4	119	-49
4	120	33
4	121	17
4	122	55
4	123	-27
4	124	14
4	125	-24
4	126	61
4	127	-20
4	128	13
4	129	-10
4	130	17
4	131	-4
4	132	32
4	133	-25
4	134	29
4	135	-60
4	136	37
4	137	-20
4	138	75
4	139	-6
4	140	24
4	141	-1
4	142	58
4	143	-48
4	144	52
4	145	14
4	146	-11
4	147	8
4	148	68
4	149	-8
4	150	48
4	151	2
4	152	26
4	153	-47
4	154	64
4	155	-11
4	156	33
4	157	0
4	158	28
4	159	-30
4	160	83
4	161	-11
4	162	91
4	163	-58
4	164	28
4	165	20
4	166	82
4	167	-14
4	168	95
4	169	-30
4	170	51
4	171	3
4	172	26
4	173	42
4	174	91
4	175	16
4	176	10
4	177	-22
4	178	53
4	179	-8
4	180	30
4	181	-22
4	182	58
4	183	-9
4	184	47
4	185	6
4	186	57
4	187	-22
4	188	30
4	189	-14
4	190	-7
4	191	-15
4	192	27
4	193	-11
4	194	31
4	195	-7
4	196	41
4	197	19
4	198	43
4	199	35
4	200	76
4	201	11
4	202	60
4	203	2
4	204	50
4	205	13
4	206	20
4	207	2
4	208	59
4	209	-27
4	210	72
4	211	-1
4	212	74
4	213	9
4	214	30
4	215	-20
4	216	30
4	217	4
4	218	30
4	219	-23
4	220	25
4	221	-24
4	222	63
4	223	7
4	224	37
4	225	-40
4	226	48
4	227	0
4	228	24
4	229	-17
4	230	83
4	231	-24
4	232	57
4	233	-27
4	234	88
4	235	-32
4	236	49
4	237	2
4	238	3
4	239	-6
4	240	45
4	241	-4
4	242	42
4	243	-25
4	244	46
4	245	30
4	246	30
4	247	14
4	248	59
4	249	28
4	250	86
4	251	-45
4	252	61
4	253	-27
4	254	72
4	255	-11
4	256	30
4	257	5
4	258	43
4	259	-27
4	260	43
4	261	-15
4	262	31
4	263	-40
4	264	29
4	265	7
4	266	28
4	267	-31
4	268	35
4	269	-16
4	270	75
4	271	-2
4	272	28
4	273	-2
4	274	39
4	275	-20
4	276	32
4	277	-19
4	278	41
4	279	-45
4	280	32
4	281	2
4	282	46
4	283	24
4	284	46
4	285	-18
4	286	23
4	287	-29
4	288	58
4	289	-6
4	290	82
4	291	-14
4	292	36
4	293	-25
4	294	27
4	295	-34
4	296	49
4	297	0
4	298	54
4	299	22
4	300	49
4	301	-12
4	302	54
4	303	-11
4	304	27
4	305	-34
4	306	53
4	307	0
4	308	47
4	309	16
4	310	39
4	311	-4
4	312	16
4	313	-29
4	314	62
4	315	-15
4	316	64
4	317	-19
4	318	7
4	319	-15
4	320	34
4	321	2
4	322	32
4	323	22
4	324	47
4	325	-11
4	326	65
4	327	6
4	328	68
4	329	34
4	330	18
4	331	-27
4	332	34
4	333	-29
4	334	14
4	335	0
4	336	11
4	337	-40
4	338	47
4	339	5
4	340	51
4	341	9
4	342	87
4	343	16
4	344	44
4	345	5
4	346	46
4	347	-36
4	348	1
4	349	8
4	350	44
4	351	-7
4	352	38
4	353	-2
4	354	24
4	355	19
4	356	38
4	357	1
4	358	35
4	359	-29
4	360	51
4	361	-26
4	362	5
4	363	-45
4	364	45
4	365	-26
4	366	53
4	367	5
4	368	54
4	369	-16
4	370	17
4	371	-8
4	372	71
4	373	-5
4	374	51
4	375	-8
4	376	53
4	377	13
4	378	32
4	379	-33
4	380	14
4	381	-5
4	382	36
4	383	0
4	384	40
4	385	-19
4	386	34
4	387	2
4	388	64
4	389	28
4	390	16
4	391	-2
4	392	52
4	393	-23
4	394	15
4	395	-36
4	396	53
4	397	18
4	398	79
4	399	-32
4	400	49
4	401	-25
4	402	82
4	403	42
4	404	71
4	405	3
4	406	-7
4	407	38
4	408	28
4	409	-1
4	410	55
4	411	-25
4	412	12
4	413	-25
4	414	38
4	415	-6
4	416	32
4	417	-25
4	418	65
4	419	18
4	420	22
4	421	-61
4	422	77
4	423	-37
4	424	47
4	425	0
4	426	52
4	427	-4
4	428	40
4	429	-36
4	430	23
4	431	-10
4	432	33
4	433	0
4	434	45
4	435	23
4	436	15
4	437	-6
4	438	45
4	439	2
4	440	19
4	441	-14
4	442	49
4	443	-15
4	444	36
4	445	6
4	446	46
4	447	19
4	448	43
4	449	43
4	450	14
4	451	-30
4	452	71
4	453	12
4	454	45
4	455	-39
4	456	58
4	457	28
4	458	33
4	459	-39
4	460	89
4	461	7
4	462	42
4	463	8
4	464	38
4	465	5
4	466	34
4	467	14
4	468	69
4	469	-27
4	470	73
4	471	11
4	472	24
4	473	-31
4	474	83
4	475	-15
4	476	-8
4	477	2
4	478	51
4	479	2
4	480	25
4	481	15
4	482	47
4	483	-29
4	484	68
4	485	43
4	486	43
4	487	-19
4	488	8
4	489	-12
4	490	53
4	491	-25
4	492	40
4	493	-6
4	494	62
4	495	-2
4	496	60
4	497	13
4	498	-18
4	499	-99
4	500	-46
4	501	-64
4	502	-10
4	503	-61
4	504	81
4	505	-19
4	506	6
4	507	0
4	508	8
4	509	-19
4	510	64
4	511	-2
4	512	-27
4	513	1
4	514	-27
4	515	-31
4	516	-22
4	517	-49
4	518	-58
4	519	-40
4	520	-15
4	521	-36
4	522	9
4	523	-49
4	524	1
4	525	-41
4	526	-21
4	527	-19
4	528	6
4	529	-18
4	530	-6
4	531	-23
4	532	-16
4	533	-36
4	534	6
4	535	-40
4	536	7
4	537	-11
4	538	-67
4	539	8
4	540	-43
4	541	-13
4	542	-23
4	543	-57
4	544	11
4	545	30
4	546	-22
4	547	-5
4	548	-17
4	549	-18
4	550	-15
4	551	-20
4	552	-17
4	553	-33
4	554	-13
4	555	2
4	556	-5
4	557	-45
4	558	-15
4	559	-27
4	560	-29
4	561	-40
4	562	20
4	563	-29
4	564	-47
4	565	-37
4	566	-62
4	567	-10
4	568	-11
4	569	-38
4	570	-13
4	571	-27
4	572	-4
4	573	-4
4	574	7
4	575	-42
4	576	-24
4	577	-32
4	578	11
4	579	-28
4	580	-25
4	581	-7
4	582	-20
4	583	9
4	584	-19
4	585	4
4	586	-17
4	587	6
4	588	28
4	589	-66
4	590	-6
4	591	-47
4	592	-12
4	593	-7
4	594	-30
4	595	-19
4	596	-18
4	597	-7
4	598	-4
4	599	-16
4	600	12
4	601	-34
4	602	-7
4	603	-41
4	604	-11
4	605	0
4	606	-74
4	607	-34
4	608	8
4	609	-49
4	610	-72
4	611	5
4	612	25
4	613	-29
4	614	10
4	615	-4
4	616	5
4	617	-14
4	618	-14
4	619	26
4	620	-20
4	621	-22
4	622	-2
4	623	-38
4	624	23
4	625	-33
4	626	-37
4	627	-45
4	628	24
4	629	-30
4	630	-6
4	631	-23
4	632	-8
4	633	-47
4	634	-16
4	635	-23
4	636	-11
4	637	-50
4	638	-21
4	639	5
4	640	-30
4	641	5
4	642	35
4	643	-39
4	644	-15
4	645	8
4	646	-41
4	647	21
4	648	-39
4	649	-54
4	650	-32
4	651	30
4	652	-28
4	653	-23
4	654	10
4	655	-28
4	656	27
4	657	-27
4	658	-24
4	659	-40
4	660	-59
4	661	-33
4	662	-33
4	663	-27
4	664	11
4	665	-10
4	666	-27
4	667	-42
4	668	-25
4	669	3
4	670	-10
4	671	0
4	672	-12
4	673	-22
4	674	4
4	675	9
4	676	-38
4	677	-7
4	678	-46
4	679	0
4	680	3
4	681	-41
4	682	-7
4	683	-17
4	684	-22
4	685	9
4	686	-21
4	687	-24
4	688	5
4	689	-2
4	690	-36
4	691	-26
4	692	-17
4	693	-5
4	694	-18
4	695	-35
4	696	-6
4	697	-13
4	698	-18
4	699	-35
4	700	53
4	701	-40
4	702	-8
4	703	-20
4	704	-41
4	705	-51
4	706	18
4	707	-6
4	708	21
4	709	-30
4	710	5
4	711	16
4	712	-18
4	713	-3
4	714	4
4	715	-5
4	716	-30
4	717	-21
4	718	-4
4	719	-23
4	720	23
4	721	-10
4	722	-43
4	723	21
4	724	-11
4	725	-18
4	726	-19
4	727	0
4	728	-26
4	729	-7
4	730	-30
4	731	15
4	732	15
4	733	21
4	734	3
4	735	-14
4	736	26
4	737	-41
4	738	-4
4	739	-2
4	740	-28
4	741	-28
4	742	-21
4	743	-32
4	744	-7
4	745	-23
4	746	-29
4	747	-24
4	748	0
4	749	-8
4	750	-49
4	751	5
4	752	-3
4	753	0
4	754	-23
4	755	-46
4	756	15
4	757	4
4	758	-9
4	759	-3
4	760	-46
4	761	5
4	762	-3
4	763	0
4	764	-7
4	765	-37
4	766	-27
4	767	-35
4	768	-18
4	769	-10
4	770	-45
4	771	-33
4	772	-44
4	773	-39
4	774	-23
4	775	-54
4	776	0
4	777	-16
4	778	15
4	779	-12
4	780	-40
4	781	-21
4	782	0
4	783	26
4	784	13
4	785	-30
4	786	33
4	787	-19
4	788	20
4	789	-26
4	790	6
4	791	13
4	792	-39
4	793	-32
4	794	-17
4	795	-29
4	796	-34
4	797	27
4	798	28
4	799	-4
4	800	19
4	801	-41
4	802	-6
4	803	6
4	804	4
4	805	-7
4	806	-33
4	807	0
4	808	-2
4	809	-20
4	810	3
4	811	-8
4	812	24
4	813	-52
4	814	9
4	815	-40
4	816	-14
4	817	28
4	818	-16
4	819	-45
4	820	-57
4	821	6
4	822	25
4	823	-68
4	824	-11
4	825	-20
4	826	18
4	827	-23
4	828	-26
4	829	25
4	830	-31
4	831	-23
4	832	-15
4	833	14
4	834	-6
4	835	-6
4	836	-6
4	837	-8
4	838	-22
4	839	-26
4	840	-75
4	841	-14
4	842	11
4	843	-12
4	844	28
4	845	19
4	846	-57
4	847	-71
4	848	-25
4	849	2
4	850	-4
4	851	-7
4	852	-24
4	853	-17
4	854	-43
4	855	20
4	856	-24
4	857	-36
4	858	-10
4	859	8
4	860	13
4	861	-30
4	862	-4
4	863	-100
4	864	-10
4	865	-27
4	866	-27
4	867	-5
4	868	-10
4	869	-21
4	870	21
4	871	-21
4	872	-43
4	873	-40
4	874	-25
4	875	-53
4	876	-6
4	877	-20
4	878	-25
4	879	9
4	880	-21
4	881	25
4	882	5
4	883	21
4	884	-35
4	885	-1
4	886	12
4	887	-21
4	888	-33
4	889	-24
4	890	-27
4	891	18
4	892	-29
4	893	-28
4	894	0
4	895	-11
4	896	-33
4	897	-26
4	898	-12
4	899	-21
4	900	-3
4	901	4
4	902	-31
4	903	-18
4	904	-35
4	905	-28
4	906	-22
4	907	-52
4	908	-34
4	909	8
4	910	-16
4	911	-2
4	912	-30
4	913	-49
4	914	19
4	915	-13
4	916	-38
4	917	16
4	918	-4
4	919	14
4	920	-34
4	921	8
4	922	28
4	923	-36
4	924	-30
4	925	49
4	926	-14
4	927	-40
4	928	-16
4	929	17
4	930	-72
4	931	-58
4	932	7
4	933	-38
4	934	-13
4	935	-41
4	936	-34
4	937	-37
4	938	20
4	939	-42
4	940	11
4	941	5
4	942	-51
4	943	22
4	944	4
4	945	11
4	946	-13
4	947	-22
4	948	-29
4	949	-59
4	950	-23
4	951	-36
4	952	-43
4	953	-40
4	954	-41
4	955	-5
4	956	-36
4	957	12
4	958	-54
4	959	5
4	960	-44
4	961	-28
4	962	-44
4	963	-43
4	964	-27
4	965	-37
4	966	4
4	967	-32
4	968	-19
4	969	-2
4	970	10
4	971	-43
4	972	-12
4	973	14
4	974	19
4	975	3
4	976	-24
4	977	-38
4	978	-21
4	979	-45
4	980	9
4	981	-36
4	982	-14
4	983	-6
4	984	-10
4	985	-39
4	986	3
4	987	-20
4	988	-27
4	989	-9
4	990	-15
4	991	7
4	992	5
4	993	-4
4	994	-54
4	995	-50
4	996	-21
4	997	-59
4	998	0
4	999	-10
4	1000	-5
4	1001	-36
4	1002	-24
4	1003	-6
4	1004	-12
4	1005	1
4	1006	-34
4	1007	-20
4	1008	-20
4	1009	-40
4	1010	-46
4	1011	-14
4	1012	-12
4	1013	1
4	1014	35
4	1015	-33
4	1016	7
4	1017	-78
4	1018	-6
4	1019	-35
4	1020	-16
4	1021	-46
4	1022	-42
4	1023	-30
5	0	46
5	1	-15
5	2	17
5	3	15
5	4	63
5	5	-43
5	6	27
5	7	25
5	8	25
5	9	-21
5	10	79
5	11	10
5	12	27
5	13	-26
5	14	46
5	15	23
5	16	62
5	17	13
5	18	27
5	19	-6
5	20	26
5	21	-3
5	22	44
5	23	-7
5	24	49
5	25	-32
5	26	92
5	27	-31
5	28	34
5	29	8
5	30	18
5	31	-43
5	32	5
5	33	-32
5	34	65
5	35	17
5	36	5
5	37	-43
5	38	24
5	39	5
5	40	32
5	41	-25
5	42	54
5	43	-5
5	44	38
5	45	-2
5	46	46
5	47	-22
5	48	44
5	49	-18
5	50	43
5	51	-18
5	52	12
5	53	8
5	54	34
5	55	-44
5	56	26
5	57	-27
5	58	31
5	59	-15
5	60	42
5	61	11
5	62	58
5	63	-25
5	64	50
5	65	6
5	66	50
5	67	-27
5	68	16
5	69	-5
5	70	60
5	71	-28
5	72	89
5	73	-2
5	74	9
5	75	-40
5	76	12
5	77	15
5	78	55
5	79	-10
5	80	31
5	81	-6
5	82	35
5	83	-14
5	84	65
5	85	-18
5	86	68
5	87	25
5	88	45
5	89	-40
5	90	30
5	91	-19
5	92	53
5	93	14
5	94	49
5	95	-10
5	96	64
5	97	-23
5	98	27
5	99	-32
5	100	55
5	101	-14
5	102	20
5	103	-4
5	104	10
5	105	14
5	106	73
5	107	-32
5	108	2
5	109	12
5	110	22
5	111	-7
5	112	78
5	113	0
5	114	92
5	115	-18
5	116	74
5	117	8
5	118	34
5	119	1
5	120	4
5	121	-23
5	122	40
5	123	-23
5	124	45
5	125	-16
5	126	42
5	127	6
5	128	54
5	129	23
5	130	44
5	131	-11
5	132	25
5	133	5
5	134	18
5	135	19
5	136	69
5	137	-15
5	138	64
5	139	5
5	140	29
5	141	-8
5	142	89
5	143	-26
5	144	19
5	145	6
5	146	21
5	147	-10
5	148	61
5	149	4
5	150	25
5	151	-6
5	152	55
5	153	13
5	154	59
5	155	10
5	156	58
5	157	-31
5	158	42
5	159	2
5	160	13
5	161	-3
5	162	23
5	163	35
5	164	46
5	165	-3
5	166	26
5	167	-11
5	168	58
5	169	13
5	170	14
5	171	1
5	172	56
5	173	-27
5	174	20
5	175	-15
5	176	16
5	177	37
5	178	52
5	179	6
5	180	57
5	181	-21
5	182	63
5	183	-8
5	184	41
5	185	0
5	186	65
5	187	-33
5	188	55
5	189	-17
5	190	27
5	191	15
5	192	-6
5	193	-38
5	194	53
5	195	-12
5	196	39
5	197	-12
5	198	25
5	199	14
5	200	46
5	201	-10
5	202	26
5	203	-34
5	204	40
5	205	-43
5	206	33
5	207	7
5	208	50
5	209	-27
5	210	104
5	211	-31
5	212	20
5	213	-10
5	214	41
5	215	34
5	216	46
5	217	-45
5	218	52
5	219	0
5	220	60
5	221	-8
5	222	63
5	223	-41
5	224	60
5	225	-11
5	226	29
5	227	1
5	228	42
5	229	-28
5	230	50
5	231	27
5	232	21
5	233	-55
5	234	14
5	235	-19
5	236	38
5	237	-26
5	238	70
5	239	-13
5	240	51
5	241	16
5	242	34
5	243	42
5	244	47
5	245	15
5	246	-2
5	247	-14
5	248	56
5	249	8
5	250	12
5	251	-4
5	252	48
5	253	36
5	254	37
5	255	-71
5	256	2
5	257	7
5	258	1
5	259	-49
5	260	31
5	261	-9
5	262	46
5	263	-25
5	264	53
5	265	-9
5	266	13
5	267	-13
5	268	14
5	269	-6
5	270	69
5	271	-37
5	272	23
5	273	-7
5	274	26
5	275	-31
5	276	35
5	277	10
5	278	40
5	279	-4
5	280	64
5	281	4
5	282	41
5	283	27
5	284	63
5	285	-10
5	286	59
5	287	8
5	288	23
5	289	10
5	290	41
5	291	-4
5	292	40
5	293	7
5	294	0
5	295	-25
5	296	35
5	297	14
5	298	55
5	299	29
5	300	32
5	301	-15
5	302	39
5	303	-11
5	304	35
5	305	22
5	306	52
5	307	-2
5	308	10
5	309	-3
5	310	15
5	311	-40
5	312	23
5	313	-3
5	314	43
5	315	-14
5	316	43
5	317	-3
5	318	12
5	319	-29
5	320	56
5	321	-5
5	322	70
5	323	-36
5	324	39
5	325	-28
5	326	81
5	327	-33
5	328	64
5	329	-42
5	330	60
5	331	-27
5	332	30
5	333	-14
5	334	58
5	335	-45
5	336	52
5	337	-33
5	338	37
5	339	-13
5	340	44
5	341	-13
5	342	64
5	343	-3
5	344	45
5	345	-46
5	346	47
5	347	9
5	348	24
5	349	13
5	350	49
5	351	-28
5	352	-15
5	353	23
5	354	42
5	355	-8
5	356	37
5	357	-3
5	358	37
5	359	-36
5	360	40
5	361	-11
5	362	5
5	363	-26
5	364	72
5	365	-28
5	366	28
5	367	-59
5	368	81
5	369	-8
5	370	26
5	371	8
5	372	30
5	373	-23
5	374	25
5	375	11
5	376	47
5	377	46
5	378	20
5	379	-12
5	380	23
5	381	30
5	382	57
5	383	-11
5	384	72
5	385	13
5	386	49
5	387	-22
5	388	19
5	389	-14
5	390	77
5	391	-21
5	392	32
5	393	-49
5	394	49
5	395	-45
5	396	43
5	397	-29
5	398	60
5	399	2
5	400	42
5	401	-15
5	402	41
5	403	-21
5	404	47
5	405	10
5	406	65
5	407	-23
5	408	54
5	409	-22
5	410	25
5	411	9
5	412	49
5	413	0
5	414	47
5	415	-1
5	416	63
5	417	4
5	418	62
5	419	14
5	420	37
5	421	-20
5	422	50
5	423	4
5	424	37
5	425	-22
5	426	30
5	427	22
5	428	48
5	429	-30
5	430	47
5	431	-11
5	432	-21
5	433	18
5	434	67
5	435	-9
5	436	72
5	437	-21
5	438	51
5	439	-21
5	440	71
5	441	-23
5	442	28
5	443	-3
5	444	44
5	445	-32
5	446	55
5	447	-6
5	448	43
5	449	26
5	450	69
5	451	3
5	452	59
5	453	-9
5	454	23
5	455	-33
5	456	33
5	457	-26
5	458	36
5	459	-17
5	460	35
5	461	-17
5	462	35
5	463	16
5	464	75
5	465	-13
5	466	39
5	467	7
5	468	72
5	469	-13
5	470	25
5	471	36
5	472	67
5	473	-43
5	474	56
5	475	-10
5	476	20
5	477	-18
5	478	41
5	479	-15
5	480	24
5	481	-50
5	482	67
5	483	-9
5	484	46
5	485	-17
5	486	59
5	487	-26
5	488	58
5	489	20
5	490	60
5	491	-3
5	492	64
5	493	3
5	494	33
5	495	8
5	496	68
5	497	9
5	498	-17
5	499	-123
5	500	-16
5	501	-83
5	502	-14
5	503	-57
5	504	74
5	505	-19
5	506	66
5	507	-7
5	508	46
5	509	-23
5	510	55
5	511	-76
5	512	15
5	513	-34
5	514	-31
5	515	-38
5	516	-5
5	517	0
5	518	-23
5	519	-30
5	520	-13
5	521	32
5	522	-22
5	523	13
5	524	13
5	525	-25
5	526	-17
5	527	-36
5	528	25
5	529	-4
5	530	-24
5	531	-11
5	532	-43
5	533	8
5	534	-13
5	535	-76
5	536	1
5	537	-19
5	538	-59
5	539	-42
5	540	-21
5	541	-17
5	542	-5
5	543	-33
5	544	-36
5	545	-47
5	546	-15
5	547	51
5	548	-45
5	549	-6
5	550	9
5	551	-2
5	552	41
5	553	-7
5	554	-21
5	555	15
5	556	10
5	557	-24
5	558	1
5	559	-15
5	560	-13
5	561	-13
5	562	-21
5	563	4
5	564	-21
5	565	-16
5	566	1
5	567	-20
5	568	0
5	569	-4
5	570	-5
5	571	-35
5	572	1
5	573	-2
5	574	-35
5	575	16
5	576	-23
5	577	-58
5	578	-24
5	579	0
5	580	11
5	581	-8
5	582	-23
5	583	-6
5	584	-61
5	585	-14
5	586	-28
5	587	-30
5	588	-22
5	589	-52
5	590	-15
5	591	-8
5	592	-5
5	593	-32
5	594	-6
5	595	16
5	596	-29
5	597	2
5	598	-3
5	599	-57
5	600	-21
5	601	-60
5	602	-29
5	603	-17
5	604	-12
5	605	16
5	606	-40
5	607	-15
5	608	8
5	609	-36
5	610	-71
5	611	6
5	612	-44
5	613	-21
5	614	-10
5	615	-26
5	616	-5
5	617	22
5	618	7
5	619	-27
5	620	-8
5	621	-74
5	622	-40
5	623	-33
5	624	-38
5	625	-54
5	626	-63
5	627	-26
5	628	-54
5	629	-66
5	630	-50
5	631	2
5	632	-12
5	633	-7
5	634	21
5	635	-5
5	636	-44
5	637	18
5	638	-2
5	639	-33
5	640	-9
5	641	-24
5	642	-24
5	643	-21
5	644	-27
5	645	-22
5	646	-31
5	647	-30
5	648	-10
5	649	3
5	650	-2
5	651	4
5	652	42
5	653	10
5	654	-5
5	655	8
5	656	26
5	657	-38
5	658	-19
5	659	-12
5	660	-32
5	661	-12
5	662	-41
5	663	-24
5	664	31
5	665	-43
5	666	-29
5	667	22
5	668	-42
5	669	1
5	670	0
5	671	-12
5	672	-40
5	673	-11
5	674	-26
5	675	-44
5	676	-1
5	677	-53
5	678	-47
5	679	-18
5	680	-21
5	681	-36
5	682	-17
5	683	-25
5	684	21
5	685	-24
5	686	-20
5	687	22
5	688	-58
5	689	-37
5	690	-15
5	691	-13
5	692	10
5	693	-9
5	694	14
5	695	-13
5	696	-8
5	697	-11
5	698	-2
5	699	-38
5	700	-12
5	701	-70
5	702	-2
5	703	-9
5	704	-52
5	705	-39
5	706	3
5	707	-51
5	708	10
5	709	17
5	710	-33
5	711	-15
5	712	-14
5	713	-19
5	714	-11
5	715	-30
5	716	-54
5	717	-28
5	718	-28
5	719	-20
5	720	31
5	721	-45
5	722	33
5	723	8
5	724	-17
5	725	-12
5	726	-2
5	727	-54
5	728	-32
5	729	-36
5	730	-53
5	731	-10
5	732	-26
5	733	-31
5	734	-55
5	735	-27
5	736	-1
5	737	-33
5	738	-50
5	739	-31
5	740	-19
5	741	-36
5	742	-67
5	743	-24
5	744	-6
5	745	-53
5	746	-36
5	747	-42
5	748	-16
5	749	1
5	750	-20
5	751	-31
5	752	8
5	753	-17
5	754	-7
5	755	-41
5	756	-41
5	757	-14
5	758	-24
5	759	-64
5	760	2
5	761	-7
5	762	-11
5	763	-27
5	764	0
5	765	-51
5	766	-38
5	767	-23
5	768	-13
5	769	-38
5	770	-43
5	771	-40
5	772	-17
5	773	-36
5	774	-19
5	775	28
5	776	-13
5	777	-11
5	778	5
5	779	-44
5	780	-30
5	781	-18
5	782	-10
5	783	-6
5	784	-10
5	785	-41
5	786	-14
5	787	-36
5	788	-40
5	789	-14
5	790	-19
5	791	-55
5	792	-24
5	793	-5
5	794	-4
5	795	26
5	796	3
5	797	3
5	798	-44
5	799	-37
5	800	-39
5	801	4
5	802	0
5	803	-36
5	804	8
5	805	-33
5	806	-13
5	807	-66
5	808	16
5	809	-9
5	810	2
5	811	9
5	812	40
5	813	38
5	814	-44
5	815	33
5	816	-23
5	817	5
5	818	-11
5	819	4
5	820	-5
5	821	-69
5	822	5
5	823	6
5	824	0
5	825	-13
5	826	-54
5	827	14
5	828	-51
5	829	-9
5	830	-13
5	831	-22
5	832	-2
5	833	-26
5	834	54
5	835	-29
5	836	-45
5	837	-48
5	838	-4
5	839	-18
5	840	-49
5	841	-18
5	842	3
5	843	-47
5	844	-23
5	845	-14
5	846	-1
5	847	-20
5	848	-6
5	849	-23
5	850	-17
5	851	-17
5	852	-34
5	853	-44
5	854	-26
5	855	-32
5	856	-5
5	857	-12
5	858	22
5	859	-49
5	860	-41
5	861	-14
5	862	22
5	863	1
5	864	44
5	865	-68
5	866	-13
5	867	30
5	868	11
5	869	11
5	870	-6
5	871	16
5	872	-7
5	873	-39
5	874	-39
5	875	-1
5	876	19
5	877	6
5	878	11
5	879	-14
5	880	4
5	881	1
5	882	16
5	883	-15
5	884	19
5	885	-15
5	886	5
5	887	38
5	888	-14
5	889	-9
5	890	3
5	891	-2
5	892	-7
5	893	-64
5	894	-23
5	895	-18
5	896	-10
5	897	-30
5	898	3
5	899	-16
5	900	-24
5	901	21
5	902	-2
5	903	-14
5	904	-34
5	905	-26
5	906	0
5	907	4
5	908	10
5	909	-16
5	910	4
5	911	-35
5	912	-29
5	913	-23
5	914	-16
5	915	15
5	916	-23
5	917	5
5	918	-30
5	919	-45
5	920	26
5	921	-16
5	922	-17
5	923	-25
5	924	5
5	925	-32
5	926	-33
5	927	-40
5	928	-60
5	929	0
5	930	-5
5	931	-23
5	932	-14
5	933	-16
5	934	-2
5	935	-30
5	936	-5
5	937	-7
5	938	27
5	939	3
5	940	16
5	941	24
5	942	-6
5	943	17
5	944	2
5	945	-25
5	946	13
5	947	12
5	948	-10
5	949	2
5	950	-2
5	951	-14
5	952	-19
5	953	-27
5	954	-23
5	955	6
5	956	-42
5	957	4
5	958	0
5	959	-29
5	960	-54
5	961	9
5	962	-2
5	963	-26
5	964	-32
5	965	-15
5	966	10
5	967	2
5	968	12
5	969	-42
5	970	-5
5	971	-5
5	972	-8
5	973	-10
5	974	25
5	975	33
5	976	-36
5	977	-6
5	978	-17
5	979	-37
5	980	-25
5	981	-44
5	982	-43
5	983	-5
5	984	-4
5	985	-19
5	986	-31
5	987	11
5	988	-13
5	989	-17
5	990	14
5	991	-29
5	992	9
5	993	-31
5	994	-46
5	995	-10
5	996	4
5	997	-32
5	998	-25
5	999	-51
5	1000	-1
5	1001	-47
5	1002	-15
5	1003	-20
5	1004	-7
5	1005	-45
5	1006	-19
5	1007	-40
5	1008	-29
5	1009	18
5	1010	-45
5	1011	-15
5	1012	-8
5	1013	8
5	1014	15
5	1015	-4
5	1016	-7
5	1017	-7
5	1018	-16
5	1019	7
5	1020	9
5	1021	-40
5	1022	-12
5	1023	-23
6	0	8
6	1	1
6	2	11
6	3	-17
6	4	27
6	5	-9
6	6	70
6	7	-20
6	8	58
6	9	9
6	10	38
6	11	-30
6	12	38
6	13	-36
6	14	38
6	15	-23
6	16	58
6	17	-20
6	18	53
6	19	-30
6	20	30
6	21	26
6	22	28
6	23	-14
6	24	22
6	25	11
6	26	57
6	27	-34
6	28	67
6	29	36
6	30	90
6	31	1
6	32	55
6	33	-53
6	34	20
6	35	-39
6	36	36
6	37	-31
6	38	53
6	39	-1
6	40	77
6	41	19
6	42	71
6	43	11
6	44	49
6	45	-23
6	46	58
6	47	-12
6	48	2
6	49	-26
6	50	54
6	51	-18
6	52	81
6	53	-26
6	54	19
6	55	-21
6	56	4
6	57	5
6	58	42
6	59	19
6	60	38
6	61	-21
6	62	72
6	63	-22
6	64	42
6	65	-44
6	66	33
6	67	-19
6	68	25
6	69	-35
6	70	45
6	71	17
6	72	43
6	73	9
6	74	39
6	75	4
6	76	24
6	77	10
6	78	43
6	79	-50
6	80	54
6	81	-11
6	82	36
6	83	-11
6	84	39
6	85	22
6	86	31
6	87	15
6	88	46
6	89	-15
6	90	11
6	91	-42
6	92	37
6	93	-27
6	94	49
6	95	-21
6	96	26
6	97	1
6	98	13
6	99	4
6	100	33
6	101	-30
6	102	41
6	103	-12
6	104	56
6	105	-13
6	106	64
6	107	-39
6	108	69
6	109	-65
6	110	100
6	111	-4
6	112	6
6	113	11
6	114	36
6	115	-27
6	116	21
6	117	-41
6	118	42
6	119	-45
6	120	59
6	121	-25
6	122	30
6	123	-9
6	124	89
6	125	-11
6	126	32
6	127	-30
6	128	26
6	129	1
6	130	27
6	131	-9
6	132	40
6	133	-11
6	134	43
6	135	11
6	136	18
6	137	-31
6	138	57
6	139	56
6	140	75
6	141	-14
6	142	17
6	143	11
6	144	64
6	145	17
6	146	20
6	147	-36
6	148	69
6	149	15
6	150	67
6	151	-23
6	152	49
6	153	-35
6	154	23
6	155	-41
6	156	22
6	157	-14
6	158	28
6	159	-10
6	160	7
6	161	9
6	162	49
6	163	6
6	164	27
6	165	-26
6	166	29
6	167	-12
6	168	51
6	169	-40
6	170	62
6	171	8
6	172	62
6	173	24
6	174	77
6	175	-15
6	176	25
6	177	-22
6	178	79
6	179	-30
6	180	57
6	181	-53
6	182	41
6	183	-15
6	184	66
6	185	11
6	186	27
6	187	-35
6	188	53
6	189	-9
6	190	79
6	191	14
6	192	23
6	193	-37
6	194	29
6	195	-50
6	196	66
6	197	-10
6	198	42
6	199	-38
6	200	15
6	201	25
6	202	42
6	203	-52
6	204	15
6	205	-23
6	206	48
6	207	-13
6	208	-6
6	209	10
6	210	33
6	211	16
6	212	23
6	213	-15
6	214	44
6	215	-29
6	216	23
6	217	-20
6	218	35
6	219	-2
6	220	64
6	221	5
6	222	75
6	223	40
6	224	22
6	225	-38
6	226	104
6	227	1
6	228	65
6	229	-4
6	230	69
6	231	-38
6	232	76
6	233	-50
6	234	56
6	235	8
6	236	48
6	237	-15
6	238	56
6	239	3
6	240	43
6	241	-3
6	242	57
6	243	-44
6	244	39
6	245	-25
6	246	63
6	247	-46
6	248	36
6	249	-4
6	250	77
6	251	32
6	252	38
6	253	12
6	254	42
6	255	2
6	256	17
6	257	2
6	258	42
6	259	-3
6	260	17
6	261	-15
6	262	52
6	263	-46
6	264	33
6	265	-10
6	266	47
6	267	-42
6	268	17
6	269	-14
6	270	89
6	271	-33
6	272	46
6	273	-8
6	274	48
6	275	-33
6	276	7
6	277	20
6	278	48
6	279	-40
6	280	32
6	281	-7
6	282	72
6	283	13
6	284	50
6	285	10
6	286	59
6	287	-16
6	288	35
6	289	-15
6	290	72
6	291	-1
6	292	63
6	293	0
6	294	16
6	295	-34
6	296	27
6	297	-7
6	298	87
6	299	-26
6	300	56
6	301	28
6	302	39
6	303	12
6	304	31
6	305	26
6	306	42
6	307	-35
6	308	67
6	309	1
6	310	61
6	311	-37
6	312	58
6	313	-29
6	314	35
6	315	-29
6	316	16
6	317	7
6	318	45
6	319	9
6	320	25
6	321	13
6	322	36
6	323	6
6	324	63
6	325	2
6	326	3
6	327	-39
6	328	20
6	329	15
6	330	33
6	331	-1
6	332	18
6	333	44
6	334	74
6	335	22
6	336	42
6	337	0
6	338	60
6	339	5
6	340	60
6	341	4
6	342	81
6	343	14
6	344	31
6	345	2
6	346	61
6	347	10
6	348	80
6	349	0
6	350	25
6	351	-20
6	352	39
6	353	7
6	354	30
6	355	-36
6	356	57
6	357	4
6	358	99
6	359	-27
6	360	50
6	361	-5
6	362	45
6	363	5
6	364	51
6	365	56
6	366	79
6	367	-17
6	368	22
6	369	-35
6	370	73
6	371	-23
6	372	39
6	373	-20
6	374	18
6	375	7
6	376	29
6	377	-14
6	378	117
6	379	-58
6	380	50
6	381	14
6	382	50
6	383	3
6	384	56
6	385	-51
6	386	17
6	387	1
6	388	12
6	389	-19
6	390	24
6	391	-6
6	392	11
6	393	-6
6	394	4
6	395	2
6	396	24
6	397	-1
6	398	53
6	399	-30
6	400	54
6	401	-7
6	402	10
6	403	16
6	404	37
6	405	8
6	406	76
6	407	11
6	408	70
6	409	-15
6	410	88
6	411	-26
6	412	57
6	413	20
6	414	58
6	415	-32
6	416	7
6	417	35
6	418	63
6	419	-9
6	420	24
6	421	-4
6	422	18
6	423	20
6	424	65
6	425	14
6	426	88
6	427	17
6	428	67
6	429	-2
6	430	63
6	431	-19
6	432	58
6	433	24
6	434	31
6	435	-63
6	436	52
6	437	6
6	438	18
6	439	-31
6	440	42
6	441	-38
6	442	9
6	443	-29
6	444	44
6	445	-19
6	446	49
6	447	-45
6	448	86
6	449	-21
6	450	33
6	451	-30
6	452	19
6	453	-13
6	454	43
6	455	0
6	456	63
6	457	-47
6	458	65
6	459	18
6	460	56
6	461	-41
6	462	14
6	463	25
6	464	49
6	465	-8
6	466	40
6	467	21
6	468	29
6	469	39
6	470	-8
6	471	-5
6	472	64
6	473	-33
6	474	36
6	475	-2
6	476	64
6	477	-25
6	478	76
6	479	-34
6	480	34
6	481	25
6	482	30
6	483	-37
6	484	39
6	485	11
6	486	43
6	487	-18
6	488	65
6	489	11
6	490	17
6	491	-10
6	492	19
6	493	-3
6	494	72
6	495	-16
6	496	34
6	497	-25
6	498	-31
6	499	-84
6	500	-80
6	501	-84
6	502	-16
6	503	-55
6	504	71
6	505	-41
6	506	16
6	507	-34
6	508	42
6	509	-5
6	510	67
6	511	-18
6	512	18
6	513	5
6	514	-18
6	515	-57
6	516	-29
6	517	-41
6	518	9
6	519	-2
6	520	-43
6	521	-54
6	522	3
6	523	-38
6	524	-3
6	525	-27
6	526	4
6	527	-10
6	528	-15
6	529	13
6	530	-3
6	531	-35
6	532	16
6	533	-37
6	534	-1
6	535	14
6	536	18
6	537	-3
6	538	16
6	539	-47
6	540	12
6	541	8
6	542	4
6	543	-45
6	544	16
6	545	-20
6	546	32
6	547	8
6	548	-33
6	549	-16
6	550	-34
6	551	-18
6	552	-17
6	553	-33
6	554	-34
6	555	-64
6	556	-30
6	557	-57
6	558	-15
6	559	7
6	560	-9
6	561	-5
6	562	-24
6	563	8
6	564	-36
6	565	-8
6	566	-25
6	567	-9
6	568	-36
6	569	-11
6	570	-32
6	571	-36
6	572	-34
6	573	-39
6	574	5
6	575	-21
6	576	-12
6	577	-37
6	578	-25
6	579	-18
6	580	-39
6	581	1
6	582	-15
6	583	-28
6	584	-23
6	585	-19
6	586	41
6	587	-2
6	588	-69
6	589	-9
6	590	-50
6	591	30
6	592	-16
6	593	-2
6	594	10
6	595	-23
6	596	-44
6	597	-16
6	598	2
6	599	-8
6	600	-21
6	601	4
6	602	-5
6	603	15
6	604	-7
6	605	-39
6	606	-26
6	607	-37
6	608	-25
6	609	-1
6	610	18
6	611	-46
6	612	0
6	613	13
6	614	4
6	615	-14
6	616	-15
6	617	-44
6	618	20
6	619	-29
6	620	-24
6	621	4
6	622	-28
6	623	-4
6	624	17
6	625	-32
6	626	-16
6	627	-32
6	628	4
6	629	6
6	630	-42
6	631	35
6	632	-32
6	633	-18
6	634	-25
6	635	-20
6	636	-6
6	637	-48
6	638	23
6	639	-10
6	640	-57
6	641	2
6	642	0
6	643	-43
6	644	-32
6	645	-37
6	646	-49
6	647	-2
6	648	-8
6	649	-7
6	650	-3
6	651	-2
6	652	-34
6	653	-38
6	654	-31
6	655	-12
6	656	0
6	657	3
6	658	20
6	659	-13
6	660	7
6	661	-8
6	662	2
6	663	-51
6	664	32
6	665	-32
6	666	-2
6	667	-32
6	668	-36
6	669	32
6	670	-29
6	671	-19
6	672	-52
6	673	-25
6	674	-35
6	675	-3
6	676	-21
6	677	-39
6	678	7
6	679	-6
6	680	-61
6	681	-62
6	682	-10
6	683	-6
6	684	-34
6	685	-30
6	686	23
6	687	-2
6	688	47
6	689	-20
6	690	-22
6	691	-11
6	692	-21
6	693	-24
6	694	-7
6	695	-36
6	696	0
6	697	-81
6	698	-39
6	699	-64
6	700	4
6	701	-18
6	702	-18
6	703	8
6	704	-23
6	705	-35
6	706	-20
6	707	-28
6	708	-15
6	709	-34
6	710	-16
6	711	-12
6	712	-22
6	713	-61
6	714	-40
6	715	-45
6	716	-20
6	717	43
6	718	-41
6	719	-11
6	720	-36
6	721	-44
6	722	13
6	723	-33
6	724	-20
6	725	-50
6	726	-4
6	727	-19
6	728	-24
6	729	-41
6	730	-21
6	731	-51
6	732	29
6	733	-24
6	734	-10
6	735	-36
6	736	-5
6	737	6
6	738	-27
6	739	-31
6	740	-30
6	741	-19
6	742	25
6	743	-14
6	744	7
6	745	-33
6	746	-10
6	747	-42
6	748	-33
6	749	7
6	750	-43
6	751	-13
6	752	-34
6	753	-37
6	754	-23
6	755	-7
6	756	7
6	757	0
6	758	-17
6	759	-7
6	760	4
6	761	-17
6	762	-57
6	763	-36
6	764	-4
6	765	-62
6	766	-38
6	767	-23
6	768	-13
6	769	10
6	770	36
6	771	-15
6	772	-12
6	773	-48
6	774	-33
6	775	-48
6	776	-33
6	777	-62
6	778	12
6	779	-9
6	780	-23
6	781	6
6	782	-14
6	783	16
6	784	12
6	785	-8
6	786	-23
6	787	18
6	788	36
6	789	-4
6	790	-10
6	791	-11
6	792	-20
6	793	-12
6	794	11
6	795	8
6	796	-33
6	797	-7
6	798	-4
6	799	-13
6	800	-53
6	801	2
6	802	24
6	803	4
6	804	-13
6	805	7
6	806	-28
6	807	-33
6	808	-13
6	809	19
6	810	32
6	811	19
6	812	-25
6	813	-62
6	814	-60
6	815	-42
6	816	-2
6	817	-22
6	818	-21
6	819	0
6	820	-52
6	821	-16
6	822	7
6	823	-7
6	824	26
6	825	-62
6	826	-66
6	827	-41
6	828	-37
6	829	7
6	830	-17
6	831	-13
6	832	-33
6	833	-34
6	834	-4
6	835	-1
6	836	-25
6	837	1
6	838	-44
6	839	0
6	840	23
6	841	-32
6	842	17
6	843	-29
6	844	17
6	845	-23
6	846	-34
6	847	-43
6	848	-15
6	849	-47
6	850	-13
6	851	-14
6	852	19
6	853	-31
6	854	7
6	855	-64
6	856	-8
6	857	-4
6	858	-40
6	859	-10
6	860	-39
6	861	-23
6	862	8
6	863	-22
6	864	-44
6	865	-21
6	866	20
6	867	-12
6	868	-15
6	869	-27
6	870	-7
6	871	-20
6	872	-36
6	873	-38
6	874	2
6	875	-24
6	876	1
6	877	-68
6	878	5
6	879	-26
6	880	-11
6	881	-20
6	882	-23
6	883	-52
6	884	17
6	885	-26
6	886	26
6	887	14
6	888	1
6	889	-5
6	890	-30
6	891	-17
6	892	12
6	893	-23
6	894	-35
6	895	-37
6	896	-16
6	897	20
6	898	-4
6	899	-54
6	900	-22
6	901	-26
6	902	-6
6	903	-50
6	904	-29
6	905	-36
6	906	-9
6	907	-29
6	908	-37
6	909	-20
6	910	-35
6	911	0
6	912	-12
6	913	-38
6	914	3
6	915	13
6	916	-12
6	917	-24
6	918	10
6	919	-47
6	920	14
6	921	-36
6	922	-42
6	923	28
6	924	-11
6	925	-19
6	926	16
6	927	-22
6	928	-17
6	929	-23
6	930	14
6	931	-37
6	932	46
6	933	-30
6	934	-3
6	935	-22
6	936	12
6	937	-47
6	938	-17
6	939	-4
6	940	-29
6	941	-35
6	942	-6
6	943	-12
6	944	-27
6	945	-53
6	946	1
6	947	-49
6	948	42
6	949	6
6	950	25
6	951	-53
6	952	27
6	953	-3
6	954	-10
6	955	8
6	956	38
6	957	-54
6	958	-30
6	959	-24
6	960	-30
6	961	-33
6	962	15
6	963	-8
6	964	5
6	965	-9
6	966	-38
6	967	-42
6	968	15
6	969	-20
6	970	-1
6	971	-31
6	972	-27
6	973	-5
6	974	-11
6	975	21
6	976	-35
6	977	-42
6	978	-28
6	979	-7
6	980	12
6	981	-5
6	982	-16
6	983	-44
6	984	-61
6	985	-42
6	986	30
6	987	8
6	988	-16
6	989	-45
6	990	-33
6	991	-14
6	992	-15
6	993	-33
6	994	40
6	995	-26
6	996	21
6	997	-15
6	998	-25
6	999	-28
6	1000	-6
6	1001	-29
6	1002	-19
6	1003	0
6	1004	-39
6	1005	-45
6	1006	-32
6	1007	-1
6	1008	-30
6	1009	18
6	1010	-24
6	1011	-10
6	1012	-51
6	1013	-31
6	1014	-36
6	1015	-26
6	1016	-13
6	1017	-31
6	1018	-74
6	1019	-12
6	1020	-50
6	1021	4
6	1022	30
6	1023	9
7	0	65
7	1	-22
7	2	18
7	3	-33
7	4	26
7	5	-27
7	6	82
7	7	-19
7	8	34
7	9	9
7	10	17
7	11	36
7	12	79
7	13	-25
7	14	42
7	15	-17
7	16	30
7	17	16
7	18	71
7	19	-9
7	20	61
7	21	-15
7	22	19
7	23	16
7	24	24
7	25	43
7	26	40
7	27	-18
7	28	-4
7	29	-24
7	30	40
7	31	-67
7	32	32
7	33	1
7	34	69
7	35	-26
7	36	38
7	37	-26
7	38	60
7	39	-31
7	40	46
7	41	2
7	42	42
7	43	-1
7	44	45
7	45	17
7	46	42
7	47	8
7	48	72
7	49	-31
7	50	13
7	51	1
7	52	50
7	53	3
7	54	64
7	55	-15
7	56	18
7	57	-32
7	58	38
7	59	-5
7	60	40
7	61	-39
7	62	-4
7	63	3
7	64	46
7	65	-20
7	66	23
7	67	-19
7	68	62
7	69	7
7	70	52
7	71	-4
7	72	23
7	73	-20
7	74	29
7	75	-17
7	76	30
7	77	24
7	78	46
7	79	-41
7	80	33
7	81	-7
7	82	83
7	83	10
7	84	27
7	85	-15
7	86	34
7	87	-7
7	88	32
7	89	-58
7	90	58
7	91	-19
7	92	50
7	93	-26
7	94	69
7	95	-36
7	96	57
7	97	-37
7	98	51
7	99	-45
7	100	34
7	101	20
7	102	65
7	103	0
7	104	65
7	105	12
7	106	32
7	107	-14
7	108	10
7	109	-32
7	110	61
7	111	-33
7	112	43
7	113	6
7	114	2
7	115	1
7	116	53
7	117	-22
7	118	51
7	119	-1
7	120	24
7	121	-42
7	122	29
7	123	-46
7	124	66
7	125	-22
7	126	67
7	127	-21
7	128	68
7	129	9
7	130	50
7	131	-11
7	132	40
7	133	13
7	134	68
7	135	-13
7	136	40
7	137	7
7	138	62
7	139	-25
7	140	62
7	141	-24
7	142	34
7	143	-3
7	144	55
7	145	-32
7	146	59
7	147	-8
7	148	53
7	149	-32
7	150	23
7	151	1
7	152	42
7	153	-44
7	154	32
7	155	-23
7	156	33
7	157	26
7	158	39
7	159	-14
7	160	50
7	161	-28
7	162	61
7	163	-62
7	164	33
7	165	-11
7	166	26
7	167	-7
7	168	19
7	169	-4
7	170	43
7	171	23
7	172	67
7	173	-11
7	174	90
7	175	-33
7	176	52
7	177	-22
7	178	60
7	179	1
7	180	71
7	181	-17
7	182	31
7	183	15
7	184	12
7	185	-9
7	186	22
7	187	9
7	188	49
7	189	-9
7	190	26
7	191	-20
7	192	29
7	193	-25
7	194	61
7	195	-2
7	196	61
7	197	-44
7	198	11
7	199	-48
7	200	77
7	201	-24
7	202	75
7	203	-16
7	204	9
7	205	-10
7	206	88
7	207	-18
7	208	89
7	209	10
7	210	37
7	211	-8
7	212	41
7	213	-22
7	214	69
7	215	-20
7	216	21
7	217	-44
7	218	44
7	219	4
7	220	52
7	221	-39
7	222	53
7	223	-23
7	224	56
7	225	-39
7	226	74
7	227	-9
7	228	36
7	229	22
7	230	48
7	231	-10
7	232	10
7	233	10
7	234	34
7	235	6
7	236	63
7	237	-4
7	238	56
7	239	20
7	240	37
7	241	26
7	242	83
7	243	4
7	244	20
7	245	6
7	246	14
7	247	5
7	248	63
7	249	25
7	250	65
7	251	3
7	252	55
7	253	-6
7	254	47
7	255	-4
7	256	57
7	257	39
7	258	-5
7	259	6
7	260	61
7	261	-14
7	262	52
7	263	3
7	264	82
7	265	40
7	266	42
7	267	-1
7	268	50
7	269	-23
7	270	61
7	271	-54
7	272	1
7	273	-34
7	274	61
7	275	0
7	276	46
7	277	-22
7	278	57
7	279	10
7	280	32
7	281	-19
7	282	53
7	283	-12
7	284	84
7	285	-22
7	286	60
7	287	-2
7	288	51
7	289	7
7	290	63
7	291	-6
7	292	31
7	293	-18
7	294	63
7	295	30
7	296	15
7	297	6
7	298	56
7	299	22
7	300	23
7	301	-25
7	302	51
7	303	14
7	304	55
7	305	-25
7	306	34
7	307	-12
7	308	81
7	309	-23
7	310	53
7	311	-27
7	312	78
7	313	-13
7	314	42
7	315	-4
7	316	29
7	317	-40
7	318	8
7	319	-37
7	320	27
7	321	-1
7	322	19
7	323	-31
7	324	69
7	325	-28
7	326	43
7	327	-30
7	328	34
7	329	-5
7	330	32
7	331	-21
7	332	57
7	333	28
7	334	44
7	335	2
7	336	59
7	337	20
7	338	53
7	339	-48
7	340	46
7	341	26
7	342	21
7	343	-13
7	344	45
7	345	-30
7	346	85
7	347	-4
7	348	41
7	349	-37
7	350	58
7	351	-3
7	352	40
7	353	-42
7	354	51
7	355	-7
7	356	38
7	357	-9
7	358	56
7	359	-29
7	360	51
7	361	-10
7	362	2
7	363	19
7	364	56
7	365	2
7	366	82
7	367	-52
7	368	51
7	369	3
7	370	44
7	371	-32
7	372	33
7	373	-24
7	374	72
7	375	-25
7	376	0
7	377	-30
7	378	50
7	379	15
7	380	11
7	381	-31
7	382	61
7	383	2
7	384	34
7	385	27
7	386	9
7	387	-1
7	388	26
7	389	3
7	390	31
7	391	-9
7	392	33
7	393	-20
7	394	54
7	395	-11
7	396	19
7	397	-23
7	398	40
7	399	-17
7	400	43
7	401	-23
7	402	-3
7	403	24
7	404	75
7	405	-20
7	406	65
7	407	-35
7	408	80
7	409	-23
7	410	24
7	411	-15
7	412	51
7	413	3
7	414	37
7	415	-19
7	416	41
7	417	-24
7	418	30
7	419	-5
7	420	56
7	421	-9
7	422	23
7	423	-2
7	424	56
7	425	-12
7	426	104
7	427	4
7	428	39
7	429	-17
7	430	6
7	431	-2
7	432	52
7	433	-5
7	434	39
7	435	-50
7	436	51
7	437	-24
7	438	46
7	439	15
7	440	54
7	441	-10
7	442	51
7	443	28
7	444	29
7	445	-31
7	446	4
7	447	1
7	448	13
7	449	-55
7	450	39
7	451	-18
7	452	14
7	453	10
7	454	65
7	455	-25
7	456	7
7	457	-56
7	458	83
7	459	-27
7	460	16
7	461	19
7	462	45
7	463	2
7	464	71
7	465	22
7	466	33
7	467	-21
7	468	33
7	469	-17
7	470	34
7	471	3
7	472	42
7	473	3
7	474	41
7	475	-3
7	476	51
7	477	-16
7	478	40
7	479	28
7	480	19
7	481	-3
7	482	72
7	483	-16
7	484	54
7	485	-14
7	486	17
7	487	-9
7	488	57
7	489	32
7	490	47
7	491	-19
7	492	28
7	493	2
7	494	41
7	495	-3
7	496	6
7	497	-7
7	498	-40
7	499	-89
7	500	-54
7	501	-52
7	502	-45
7	503	-12
7	504	23
7	505	35
7	506	39
7	507	-11
7	508	58
7	509	4
7	510	27
7	511	-6
7	512	-15
7	513	-39
7	514	-10
7	515	-20
7	516	17
7	517	-6
7	518	-61
7	519	-13
7	520	2
7	521	-32
7	522	-3
7	523	-24
7	524	-4
7	525	-56
7	526	20
7	527	11
7	528	-10
7	529	-55
7	530	-18
7	531	-71
7	532	1
7	533	-24
7	534	1
7	535	12
7	536	-47
7	537	-2
7	538	-15
7	539	-36
7	540	-21
7	541	-11
7	542	15
7	543	-14
7	544	-21
7	545	-55
7	546	-30
7	547	-22
7	548	3
7	549	-24
7	550	8
7	551	-24
7	552	-23
7	553	39
7	554	0
7	555	-54
7	556	-56
7	557	-22
7	558	5
7	559	-6
7	560	-6
7	561	-22
7	562	-38
7	563	-4
7	564	23
7	565	-58
7	566	45
7	567	11
7	568	2
7	569	-18
7	570	-34
7	571	-50
7	572	-11
7	573	16
7	574	-4
7	575	-17
7	576	-65
7	577	-45
7	578	-13
7	579	-37
7	580	-20
7	581	-32
7	582	-32
7	583	30
7	584	-40
7	585	-3
7	586	4
7	587	-18
7	588	-16
7	589	17
7	590	7
7	591	10
7	592	19
7	593	-11
7	594	-27
7	595	-39
7	596	-57
7	597	-52
7	598	-40
7	599	-16
7	600	-46
7	601	-5
7	602	-30
7	603	7
7	604	31
7	605	14
7	606	-3
7	607	17
7	608	4
7	609	-14
7	610	13
7	611	-37
7	612	17
7	613	-3
7	614	-12
7	615	-18
7	616	-25
7	617	-22
7	618	-21
7	619	-15
7	620	-58
7	621	-38
7	622	-32
7	623	-43
7	624	-4
7	625	-7
7	626	-61
7	627	-39
7	628	-52
7	629	-22
7	630	-28
7	631	-19
7	632	-11
7	633	-7
7	634	-6
7	635	-17
7	636	11
7	637	-60
7	638	-25
7	639	-52
7	640	-8
7	641	-35
7	642	-32
7	643	-24
7	644	16
7	645	-21
7	646	-66
7	647	-6
7	648	-36
7	649	14
7	650	-33
7	651	-12
7	652	-51
7	653	-43
7	654	3
7	655	6
7	656	-12
7	657	-6
7	658	-32
7	659	11
7	660	-24
7	661	-10
7	662	-6
7	663	-14
7	664	-53
7	665	-14
7	666	18
7	667	3
7	668	27
7	669	-2
7	670	12
7	671	-46
7	672	-55
7	673	8
7	674	-47
7	675	-24
7	676	16
7	677	-30
7	678	-27
7	679	-10
7	680	-2
7	681	0
7	682	19
7	683	-39
7	684	-15
7	685	2
7	686	-20
7	687	-5
7	688	-22
7	689	-35
7	690	-25
7	691	4
7	692	-18
7	693	2
7	694	-8
7	695	-31
7	696	10
7	697	-48
7	698	36
7	699	-21
7	700	-8
7	701	-34
7	702	-28
7	703	-26
7	704	-24
7	705	26
7	706	-10
7	707	-10
7	708	-20
7	709	-9
7	710	1
7	711	-13
7	712	19
7	713	24
7	714	19
7	715	-7
7	716	-34
7	717	-54
7	718	-50
7	719	-8
7	720	-6
7	721	-41
7	722	-48
7	723	-24
7	724	-1
7	725	0
7	726	-16
7	727	11
7	728	0
7	729	-73
7	730	-23
7	731	20
7	732	3
7	733	3
7	734	-5
7	735	-8
7	736	-61
7	737	-38
7	738	3
7	739	-2
7	740	0
7	741	-22
7	742	-17
7	743	-32
7	744	-9
7	745	-36
7	746	-32
7	747	-14
7	748	11
7	749	12
7	750	-26
7	751	-14
7	752	-39
7	753	-21
7	754	-11
7	755	8
7	756	-17
7	757	-37
7	758	-13
7	759	-17
7	760	-41
7	761	-60
7	762	-21
7	763	15
7	764	-46
7	765	-11
7	766	-22
7	767	-17
7	768	17
7	769	-5
7	770	9
7	771	-12
7	772	3
7	773	-43
7	774	-14
7	775	-45
7	776	33
7	777	35
7	778	-23
7	779	6
7	780	-9
7	781	21
7	782	0
7	783	-16
7	784	-32
7	785	15
7	786	-17
7	787	-38
7	788	8
7	789	-27
7	790	-2
7	791	-11
7	792	-31
7	793	-29
7	794	-21
7	795	-16
7	796	-71
7	797	-22
7	798	-4
7	799	-58
7	800	-15
7	801	-23
7	802	-32
7	803	-21
7	804	-38
7	805	-27
7	806	-8
7	807	-38
7	808	-14
7	809	-22
7	810	-40
7	811	-11
7	812	-20
7	813	-25
7	814	-45
7	815	2
7	816	25
7	817	-48
7	818	-66
7	819	-29
7	820	-21
7	821	-13
7	822	-19
7	823	-42
7	824	-27
7	825	31
7	826	-33
7	827	-26
7	828	-24
7	829	21
7	830	-49
7	831	-15
7	832	36
7	833	-8
7	834	-12
7	835	-20
7	836	-32
7	837	-50
7	838	-50
7	839	-33
7	840	-17
7	841	-29
7	842	-9
7	843	-41
7	844	-7
7	845	9
7	846	-26
7	847	-61
7	848	-65
7	849	-18
7	850	0
7	851	22
7	852	4
7	853	-13
7	854	-16
7	855	-20
7	856	47
7	857	-17
7	858	-16
7	859	-3
7	860	-33
7	861	-28
7	862	-11
7	863	-37
7	864	-7
7	865	-12
7	866	-2
7	867	25
7	868	-7
7	869	-32
7	870	-54
7	871	-25
7	872	10
7	873	-9
7	874	6
7	875	-31
7	876	-21
7	877	-28
7	878	-8
7	879	-11
7	880	-5
7	881	2
7	882	-4
7	883	0
7	884	-12
7	885	-21
7	886	-26
7	887	13
7	888	-14
7	889	-4
7	890	17
7	891	-12
7	892	-11
7	893	-17
7	894	-20
7	895	-27
7	896	-20
7	897	-2
7	898	13
7	899	8
7	900	4
7	901	-14
7	902	-21
7	903	-9
7	904	-34
7	905	-13
7	906	-51
7	907	-33
7	908	38
7	909	-33
7	910	-36
7	911	-17
7	912	-4
7	913	21
7	914	11
7	915	-13
7	916	-29
7	917	-19
7	918	5
7	919	0
7	920	-42
7	921	10
7	922	22
7	923	33
7	924	-34
7	925	-56
7	926	-20
7	927	6
7	928	-55
7	929	-36
7	930	-6
7	931	14
7	932	-54
7	933	-1
7	934	-23
7	935	-17
7	936	-2
7	937	-76
7	938	5
7	939	34
7	940	-1
7	941	18
7	942	18
7	943	-58
7	944	-20
7	945	-33
7	946	-37
7	947	-27
7	948	-28
7	949	-14
7	950	-15
7	951	22
7	952	-5
7	953	-19
7	954	29
7	955	4
7	956	11
7	957	-88
7	958	-30
7	959	-31
7	960	-19
7	961	-39
7	962	-10
7	963	26
7	964	-11
7	965	-2
7	966	-35
7	967	-44
7	968	-7
7	969	-37
7	970	-40
7	971	11
7	972	-20
7	973	37
7	974	-1
7	975	-27
7	976	0
7	977	-18
7	978	-52
7	979	-31
7	980	17
7	981	-5
7	982	-48
7	983	-29
7	984	-17
7	985	-3
7	986	-7
7	987	-20
7	988	-13
7	989	-22
7	990	-25
7	991	-8
7	992	10
7	993	-44
7	994	10
7	995	1
7	996	33
7	997	-41
7	998	-42
7	999	13
7	1000	-17
7	1001	-54
7	1002	-20
7	1003	-54
7	1004	18
7	1005	-25
7	1006	-13
7	1007	-44
7	1008	-58
7	1009	-39
7	1010	-34
7	1011	-44
7	1012	-36
7	1013	14
7	1014	-16
7	1015	-62
7	1016	-18
7	1017	-28
7	1018	-27
7	1019	-40
7	1020	5
7	1021	3
7	1022	-35
7	1023	-38
8	0	34
8	1	-9
8	2	75
8	3	-28
8	4	18
8	5	4
8	6	32
8	7	11
8	8	-10
8	9	-4
8	10	33
8	11	9
8	12	52
8	13	9
8	14	35
8	15	-5
8	16	18
8	17	19
8	18	26
8	19	-45
8	20	37
8	21	27
8	22	85
8	23	-2
8	24	11
8	25	-14
8	26	14
8	27	1
8	28	-14
8	29	-34
8	30	52
8	31	-5
8	32	57
8	33	45
8	34	78
8	35	-7
8	36	66
8	37	-3
8	38	9
8	39	-5
8	40	14
8	41	-2
8	42	8
8	43	-7
8	44	-3
8	45	-10
8	46	7
8	47	-20
8	48	30
8	49	-21
8	50	23
8	51	0
8	52	60
8	53	-5
8	54	22
8	55	-45
8	56	38
8	57	-13
8	58	36
8	59	-11
8	60	23
8	61	-10
8	62	59
8	63	-13
8	64	64
8	65	-23
8	66	6
8	67	-1
8	68	41
8	69	-14
8	70	7
8	71	-2
8	72	77
8	73	-34
8	74	11
8	75	15
8	76	24
8	77	-33
8	78	19
8	79	14
8	80	45
8	81	-21
8	82	39
8	83	1
8	84	99
8	85	31
8	86	40
8	87	-52
8	88	7
8	89	6
8	90	27
8	91	6
8	92	70
8	93	19
8	94	82
8	95	-40
8	96	34
8	97	31
8	98	11
8	99	22
8	100	30
8	101	40
8	102	43
8	103	-3
8	104	4
8	105	13
8	106	41
8	107	-12
8	108	48
8	109	-2
8	110	17
8	111	52
8	112	40
8	113	5
8	114	36
8	115	-3
8	116	15
8	117	38
8	118	31
8	119	-27
8	120	67
8	121	14
8	122	57
8	123	13
8	124	51
8	125	1
8	126	15
8	127	-26
8	128	47
8	129	-12
8	130	52
8	131	-37
8	132	5
8	133	-45
8	134	82
8	135	-22
8	136	55
8	137	16
8	138	17
8	139	-32
8	140	-6
8	141	-23
8	142	74
8	143	-20
8	144	55
8	145	21
8	146	51
8	147	-7
8	148	32
8	149	43
8	150	70
8	151	-5
8	152	24
8	153	-6
8	154	41
8	155	26
8	156	43
8	157	-14
8	158	54
8	159	-5
8	160	45
8	161	9
8	162	40
8	163	3
8	164	11
8	165	27
8	166	16
8	167	12
8	168	56
8	169	-12
8	170	44
8	171	1
8	172	12
8	173	-10
8	174	44
8	175	-23
8	176	-5
8	177	21
8	178	25
8	179	52
8	180	35
8	181	-12
8	182	62
8	183	-14
8	184	27
8	185	-18
8	186	82
8	187	27
8	188	42
8	189	15
8	190	25
8	191	5
8	192	8
8	193	17
8	194	30
8	195	16
8	196	70
8	197	48
8	198	60
8	199	-21
8	200	19
8	201	9
8	202	49
8	203	-23
8	204	38
8	205	-19
8	206	41
8	207	-20
8	208	21
8	209	15
8	210	37
8	211	1
8	212	19
8	213	7
8	214	31
8	215	13
8	216	33
8	217	0
8	218	9
8	219	10
8	220	21
8	221	2
8	222	47
8	223	5
8	224	47
8	225	30
8	226	47
8	227	-15
8	228	47
8	229	13
8	230	58
8	231	-34
8	232	44
8	233	5
8	234	45
8	235	-28
8	236	54
8	237	-8
8	238	31
8	239	2
8	240	37
8	241	-25
8	242	31
8	243	-32
8	244	58
8	245	-6
8	246	40
8	247	-38
8	248	40
8	249	31
8	250	54
8	251	31
8	252	32
8	253	-12
8	254	55
8	255	-16
8	256	64
8	257	5
8	258	59
8	259	-5
8	260	13
8	261	9
8	262	21
8	263	-31
8	264	43
8	265	-59
8	266	51
8	267	-11
8	268	35
8	269	-35
8	270	16
8	271	44
8	272	60
8	273	-42
8	274	44
8	275	-4
8	276	40
8	277	-19
8	278	60
8	279	-37
8	280	71
8	281	-10
8	282	56
8	283	16
8	284	52
8	285	-16
8	286	5
8	287	13
8	288	63
8	289	-9
8	290	49
8	291	4
8	292	24
8	293	34
8	294	83
8	295	-2
8	296	42
8	297	27
8	298	74
8	299	-31
8	300	86
8	301	5
8	302	-3
8	303	-13
8	304	12
8	305	-15
8	306	65
8	307	-1
8	308	70
8	309	24
8	310	66
8	311	-12
8	312	62
8	313	-26
8	314	67
8	315	13
8	316	51
8	317	-4
8	318	57
8	319	-9
8	320	1
8	321	31
8	322	78
8	323	-42
8	324	60
8	325	6
8	326	56
8	327	-7
8	328	67
8	329	3
8	330	36
8	331	-21
8	332	70
8	333	-11
8	334	47
8	335	27
8	336	82
8	337	12
8	338	42
8	339	-10
8	340	25
8	341	9
8	342	66
8	343	-22
8	344	19
8	345	-13
8	346	18
8	347	-19
8	348	91
8	349	-21
8	350	63
8	351	-10
8	352	11
8	353	9
8	354	46
8	355	18
8	356	35
8	357	19
8	358	24
8	359	43
8	360	36
8	361	10
8	362	44
8	363	19
8	364	53
8	365	-22
8	366	66
8	367	-14
8	368	45
8	369	12
8	370	1
8	371	-21
8	372	25
8	373	24
8	374	80
8	375	-18
8	376	69
8	377	7
8	378	62
8	379	-17
8	380	38
8	381	-3
8	382	66
8	383	-11
8	384	39
8	385	24
8	386	34
8	387	-28
8	388	52
8	389	-26
8	390	40
8	391	-2
8	392	11
8	393	45
8	394	34
8	395	16
8	396	48
8	397	-15
8	398	59
8	399	25
8	400	41
8	401	13
8	402	34
8	403	8
8	404	70
8	405	26
8	406	51
8	407	-2
8	408	47
8	409	-28
8	410	-3
8	411	62
8	412	30
8	413	-15
8	414	36
8	415	12
8	416	42
8	417	23
8	418	36
8	419	7
8	420	18
8	421	40
8	422	30
8	423	-18
8	424	37
8	425	20
8	426	40
8	427	7
8	428	23
8	429	-2
8	430	68
8	431	12
8	432	9
8	433	-39
8	434	53
8	435	-27
8	436	5
8	437	-23
8	438	21
8	439	-8
8	440	61
8	441	31
8	442	49
8	443	17
8	444	71
8	445	-37
8	446	59
8	447	0
8	448	41
8	449	20
8	450	3
8	451	-7
8	452	50
8	453	30
8	454	75
8	455	-37
8	456	43
8	457	-37
8	458	20
8	459	-16
8	460	53
8	461	-36
8	462	34
8	463	14
8	464	23
8	465	-10
8	466	28
8	467	-18
8	468	22
8	469	19
8	470	53
8	471	-29
8	472	43
8	473	-24
8	474	56
8	475	21
8	476	35
8	477	-17
8	478	29
8	479	-44
8	480	63
8	481	-24
8	482	21
8	483	-17
8	484	0
8	485	27
8	486	59
8	487	0
8	488	36
8	489	15
8	490	83
8	491	29
8	492	72
8	493	-32
8	494	38
8	495	-16
8	496	47
8	497	1
8	498	-67
8	499	-75
8	500	31
8	501	-59
8	502	-36
8	503	-91
8	504	32
8	505	-5
8	506	74
8	507	-41
8	508	25
8	509	-22
8	510	68
8	511	-11
8	512	-12
8	513	5
8	514	-27
8	515	-14
8	516	-34
8	517	-15
8	518	-36
8	519	-13
8	520	0
8	521	-8
8	522	-39
8	523	12
8	524	-21
8	525	11
8	526	-21
8	527	-22
8	528	4
8	529	-38
8	530	-2
8	531	17
8	532	-21
8	533	-46
8	534	3
8	535	-10
8	536	7
8	537	-55
8	538	-69
8	539	-35
8	540	8
8	541	30
8	542	23
8	543	-36
8	544	-8
8	545	-31
8	546	-25
8	547	-50
8	548	-51
8	549	2
8	550	-28
8	551	-30
8	552	-26
8	553	-56
8	554	-51
8	555	8
8	556	-27
8	557	-12
8	558	-56
8	559	3
8	560	-27
8	561	-13
8	562	-34
8	563	-17
8	564	17
8	565	36
8	566	8
8	567	-28
8	568	-18
8	569	-6
8	570	-37
8	571	-40
8	572	-42
8	573	-31
8	574	-35
8	575	12
8	576	1
8	577	-39
8	578	0
8	579	8
8	580	-23
8	581	-45
8	582	-57
8	583	15
8	584	-34
8	585	-5
8	586	-52
8	587	-17
8	588	-4
8	589	-22
8	590	-20
8	591	2
8	592	-3
8	593	4
8	594	-1
8	595	-39
8	596	-14
8	597	-38
8	598	12
8	599	4
8	600	-31
8	601	-34
8	602	-51
8	603	-44
8	604	-5
8	605	-56
8	606	-29
8	607	-12
8	608	-21
8	609	13
8	610	4
8	611	-13
8	612	-22
8	613	14
8	614	-14
8	615	24
8	616	-5
8	617	-29
8	618	-47
8	619	3
8	620	-9
8	621	-2
8	622	-24
8	623	-68
8	624	-35
8	625	-3
8	626	-9
8	627	-10
8	628	-24
8	629	4
8	630	-13
8	631	24
8	632	1
8	633	3
8	634	-42
8	635	0
8	636	-41
8	637	-34
8	638	-25
8	639	-34
8	640	-68
8	641	-29
8	642	-31
8	643	-42
8	644	-31
8	645	-44
8	646	-13
8	647	-18
8	648	-4
8	649	-29
8	650	-64
8	651	10
8	652	-6
8	653	-54
8	654	-9
8	655	-30
8	656	-64
8	657	-18
8	658	15
8	659	-24
8	660	-19
8	661	-15
8	662	-8
8	663	-19
8	664	7
8	665	-42
8	666	-37
8	667	-14
8	668	-17
8	669	-11
8	670	-55
8	671	-2
8	672	-18
8	673	-42
8	674	-35
8	675	-6
8	676	-35
8	677	-26
8	678	-22
8	679	-43
8	680	-3
8	681	-18
8	682	-9
8	683	-11
8	684	-22
8	685	-22
8	686	27
8	687	-3
8	688	-23
8	689	-10
8	690	-27
8	691	2
8	692	-2
8	693	-2
8	694	-49
8	695	15
8	696	-18
8	697	55
8	698	-40
8	699	22
8	700	6
8	701	22
8	702	-10
8	703	-7
8	704	-26
8	705	0
8	706	-30
8	707	-29
8	708	-48
8	709	0
8	710	-50
8	711	18
8	712	-49
8	713	-17
8	714	-13
8	715	1
8	716	-16
8	717	-1
8	718	-33
8	719	-31
8	720	-40
8	721	-44
8	722	-15
8	723	-3
8	724	-38
8	725	-35
8	726	-18
8	727	-45
8	728	-1
8	729	-49
8	730	-17
8	731	10
8	732	-30
8	733	-42
8	734	-39
8	735	-41
8	736	-53
8	737	-2
8	738	-3
8	739	-2
8	740	-16
8	741	-14
8	742	3
8	743	-29
8	744	0
8	745	-24
8	746	-5
8	747	-10
8	748	-16
8	749	15
8	750	0
8	751	-3
8	752	-4
8	753	-46
8	754	-14
8	755	-44
8	756	-26
8	757	-42
8	758	-46
8	759	11
8	760	0
8	761	3
8	762	-4
8	763	-16
8	764	25
8	765	-11
8	766	-58
8	767	-46
8	768	-49
8	769	-16
8	770	-57
8	771	0
8	772	27
8	773	-12
8	774	-3
8	775	-15
8	776	-23
8	777	-12
8	778	-46
8	779	11
8	780	17
8	781	-2
8	782	-43
8	783	-41
8	784	18
8	785	-9
8	786	-45
8	787	-9
8	788	-21
8	789	-17
8	790	-67
8	791	-32
8	792	-51
8	793	-27
8	794	27
8	795	15
8	796	9
8	797	-2
8	798	-22
8	799	-42
8	800	-13
8	801	-16
8	802	-32
8	803	16
8	804	19
8	805	0
8	806	-6
8	807	-40
8	808	0
8	809	-28
8	810	3
8	811	-41
8	812	-13
8	813	-42
8	814	-37
8	815	26
8	816	-12
8	817	-35
8	818	-38
8	819	-15
8	820	0
8	821	-42
8	822	-46
8	823	-17
8	824	4
8	825	-31
8	826	-30
8	827	-9
8	828	30
8	829	30
8	830	-14
8	831	-9
8	832	-1
8	833	-10
8	834	-55
8	835	-22
8	836	-36
8	837	-16
8	838	-14
8	839	2
8	840	35
8	841	4
8	842	-10
8	843	2
8	844	-13
8	845	-26
8	846	-12
8	847	42
8	848	11
8	849	7
8	850	7
8	851	-7
8	852	-14
8	853	-41
8	854	-52
8	855	16
8	856	38
8	857	3
8	858	-15
8	859	-45
8	860	-26
8	861	-42
8	862	-12
8	863	-50
8	864	-48
8	865	-26
8	866	-31
8	867	-3
8	868	-6
8	869	-4
8	870	-20
8	871	-2
8	872	-65
8	873	-12
8	874	-34
8	875	-45
8	876	11
8	877	-71
8	878	-9
8	879	-45
8	880	-39
8	881	13
8	882	7
8	883	-12
8	884	-5
8	885	-43
8	886	-7
8	887	-34
8	888	-6
8	889	-56
8	890	-73
8	891	15
8	892	1
8	893	-53
8	894	-35
8	895	13
8	896	-32
8	897	-5
8	898	-13
8	899	-14
8	900	12
8	901	9
8	902	11
8	903	-4
8	904	-18
8	905	-14
8	906	8
8	907	-56
8	908	-15
8	909	25
8	910	-30
8	911	-31
8	912	-21
8	913	3
8	914	13
8	915	-32
8	916	14
8	917	-20
8	918	-13
8	919	-46
8	920	-26
8	921	-31
8	922	-13
8	923	-22
8	924	5
8	925	-34
8	926	-27
8	927	0
8	928	-47
8	929	-19
8	930	-77
8	931	-17
8	932	-30
8	933	-19
8	934	-49
8	935	-5
8	936	-5
8	937	-36
8	938	-37
8	939	-81
8	940	-26
8	941	-3
8	942	-49
8	943	-24
8	944	-40
8	945	-13
8	946	-23
8	947	6
8	948	15
8	949	20
8	950	-27
8	951	-66
8	952	0
8	953	9
8	954	-4
8	955	-30
8	956	-32
8	957	-20
8	958	-24
8	959	7
8	960	-44
8	961	-22
8	962	-53
8	963	-5
8	964	3
8	965	21
8	966	-33
8	967	-39
8	968	-33
8	969	-34
8	970	-61
8	971	-53
8	972	-4
8	973	-7
8	974	-31
8	975	-34
8	976	-29
8	977	-47
8	978	-50
8	979	-7
8	980	-35
8	981	-45
8	982	-66
8	983	-19
8	984	-24
8	985	-62
8	986	-40
8	987	-28
8	988	38
8	989	-8
8	990	-7
8	991	-29
8	992	-41
8	993	4
8	994	13
8	995	10
8	996	-35
8	997	27
8	998	-64
8	999	-23
8	1000	47
8	1001	-22
8	1002	-34
8	1003	-30
8	1004	-8
8	1005	-41
8	1006	-52
8	1007	-21
8	1008	-6
8	1009	-9
8	1010	-15
8	1011	-20
8	1012	-33
8	1013	7
8	1014	-37
8	1015	-8
8	1016	-18
8	1017	-14
8	1018	9
8	1019	-7
8	1020	3
8	1021	-28
8	1022	-20
8	1023	6
