0	00000.000
1	00000.197
2	00000.395
3	00000.593
4	00000.790
5	00000.989
6	00001.187
7	00001.386
8	00001.584
9	00001.783
10	00001.982
11	00002.182
12	00002.381
13	00002.580
14	00002.780
15	00002.979
16	00003.178
17	00003.378
18	00003.577
19	00003.776
20	00003.976
21	00004.176
22	00004.375
23	00004.575
24	00004.775
25	00004.976
26	00005.176
27	00005.376
28	00005.577
29	00005.777
30	00005.977
31	00006.178
32	00006.378
33	00006.578
34	00006.778
35	00006.978
36	00007.179
37	00007.379
38	00007.579
39	00007.779
40	00007.979
41	00008.180
42	00008.380
43	00008.580
44	00008.780
45	00008.980
46	00009.180
47	00009.380
48	00009.580
49	00009.780
50	00009.980
51	00010.180
52	00010.379
53	00010.579
54	00010.779
55	00010.979
56	00011.179
57	00011.379
58	00011.579
59	00011.779
60	00011.979
61	00012.180
62	00012.380
63	00012.580
64	00012.780
65	00012.980
66	00013.180
67	00013.381
68	00013.581
69	00013.781
70	00013.981
71	00014.181
72	00014.381
73	00014.581
74	00014.781
75	00014.981
76	00015.181
77	00015.381
78	00015.582
79	00015.782
80	00015.983
81	00016.183
82	00016.384
83	00016.584
84	00016.785
85	00016.985
86	00017.186
87	00017.387
88	00017.588
89	00017.788
90	00017.989
91	00018.190
92	00018.391
93	00018.591
94	00018.792
95	00018.992
96	00019.193
97	00019.394
98	00019.595
99	00019.796
100	00019.997
101	00020.197
102	00020.398
103	00020.598
104	00020.798
105	00020.998
106	00021.198
107	00021.398
108	00021.598
109	00021.797
110	00021.997
111	00022.197
112	00022.397
113	00022.597
114	00022.797
115	00022.997
116	00023.197
117	00023.397
118	00023.598
119	00023.798
120	00023.998
121	00024.198
122	00024.398
123	00024.598
124	00024.798
125	00024.998
126	00025.198
127	00025.398
128	00025.598
129	00025.798
130	00025.998
131	00026.198
132	00026.399
133	00026.599
134	00026.800
135	00027.000
136	00027.201
137	00027.401
138	00027.602
139	00027.802
140	00028.002
141	00028.203
142	00028.403
143	00028.603
144	00028.804
145	00029.004
146	00029.205
147	00029.406
148	00029.606
149	00029.807
150	00030.007
151	00030.208
152	00030.408
153	00030.608
154	00030.808
155	00031.007
156	00031.207
157	00031.407
158	00031.606
159	00031.806
160	00032.005
161	00032.205
162	00032.404
163	00032.604
164	00032.803
165	00033.003
166	00033.202
167	00033.402
168	00033.602
169	00033.802
170	00034.002
171	00034.202
172	00034.402
173	00034.602
174	00034.801
175	00035.001
176	00035.201
177	00035.400
178	00035.600
179	00035.799
180	00035.998
181	00036.198
182	00036.397
183	00036.597
184	00036.796
185	00036.996
186	00037.196
187	00037.395
188	00037.595
189	00037.795
190	00037.995
191	00038.195
192	00038.395
193	00038.595
194	00038.795
195	00038.996
196	00039.196
197	00039.397
198	00039.597
199	00039.798
200	00039.998
201	00040.199
202	00040.399
203	00040.600
204	00040.801
205	00041.001
206	00041.202
207	00041.402
208	00041.603
209	00041.803
210	00042.004
211	00042.205
212	00042.405
213	00042.606
214	00042.806
215	00043.007
216	00043.207
217	00043.408
218	00043.608
219	00043.809
220	00044.009
221	00044.210
222	00044.410
223	00044.611
224	00044.812
225	00045.012
226	00045.213
227	00045.414
228	00045.614
229	00045.814
230	00046.014
231	00046.215
232	00046.415
233	00046.615
234	00046.815
235	00047.016
236	00047.216
237	00047.416
238	00047.616
239	00047.817
240	00048.017
241	00048.217
242	00048.417
243	00048.617
244	00048.818
245	00049.018
246	00049.218
247	00049.419
248	00049.619
249	00049.820
250	00050.020
251	00050.221
252	00050.422
253	00050.623
254	00050.824
255	00051.026
256	00051.227
257	00051.429
258	00051.630
259	00051.831
260	00052.033
261	00052.234
262	00052.436
263	00052.637
264	00052.839
265	00053.040
266	00053.242
267	00053.443
268	00053.644
269	00053.845
270	00054.047
271	00054.248
272	00054.449
273	00054.650
274	00054.851
275	00055.052
276	00055.254
277	00055.455
278	00055.657
279	00055.858
280	00056.060
281	00056.261
282	00056.462
283	00056.664
284	00056.865
285	00057.066
286	00057.267
287	00057.468
288	00057.669
289	00057.871
290	00058.072
291	00058.272
292	00058.473
293	00058.674
294	00058.875
295	00059.075
296	00059.276
297	00059.476
298	00059.677
299	00059.877
300	00060.078
301	00060.279
302	00060.479
303	00060.680
304	00060.882
305	00061.083
306	00061.284
307	00061.485
308	00061.686
309	00061.887
310	00062.088
311	00062.288
312	00062.489
313	00062.690
314	00062.892
315	00063.093
316	00063.293
317	00063.494
318	00063.695
319	00063.896
320	00064.097
321	00064.298
322	00064.499
323	00064.700
324	00064.901
325	00065.102
326	00065.303
327	00065.504
328	00065.705
329	00065.906
330	00066.107
331	00066.308
332	00066.509
333	00066.710
334	00066.911
335	00067.111
336	00067.312
337	00067.513
338	00067.714
339	00067.915
340	00068.116
341	00068.317
342	00068.518
343	00068.719
344	00068.920
345	00069.121
346	00069.321
347	00069.522
348	00069.723
349	00069.924
350	00070.124
351	00070.325
352	00070.525
353	00070.725
354	00070.925
355	00071.125
356	00071.325
357	00071.525
358	00071.725
359	00071.926
360	00072.126
361	00072.325
362	00072.525
363	00072.725
364	00072.925
365	00073.125
366	00073.326
367	00073.526
368	00073.726
369	00073.926
370	00074.126
371	00074.326
372	00074.526
373	00074.726
374	00074.926
375	00075.126
376	00075.325
377	00075.525
378	00075.725
379	00075.925
380	00076.124
381	00076.323
382	00076.523
383	00076.722
384	00076.921
385	00077.121
386	00077.320
387	00077.519
388	00077.719
389	00077.918
390	00078.117
391	00078.317
392	00078.516
393	00078.716
394	00078.916
395	00079.115
396	00079.315
397	00079.515
398	00079.715
399	00079.915
400	00080.116
401	00080.316
402	00080.516
403	00080.716
404	00080.917
405	00081.117
406	00081.318
407	00081.519
408	00081.720
409	00081.921
410	00082.122
411	00082.323
412	00082.524
413	00082.724
414	00082.925
415	00083.126
416	00083.326
417	00083.527
418	00083.727
419	00083.927
420	00084.127
421	00084.327
422	00084.526
423	00084.726
424	00084.926
425	00085.126
426	00085.326
427	00085.526
428	00085.726
429	00085.926
430	00086.126
431	00086.326
432	00086.526
433	00086.726
434	00086.926
435	00087.127
436	00087.327
437	00087.527
438	00087.727
439	00087.928
440	00088.128
441	00088.328
442	00088.528
443	00088.728
444	00088.928
445	00089.128
446	00089.328
447	00089.527
448	00089.727
449	00089.927
450	00090.127
451	00090.327
452	00090.527
453	00090.727
454	00090.927
455	00091.127
456	00091.327
457	00091.528
458	00091.728
459	00091.928
460	00092.129
461	00092.329
462	00092.530
463	00092.731
464	00092.931
465	00093.132
466	00093.332
467	00093.532
468	00093.733
469	00093.933
470	00094.134
471	00094.334
472	00094.535
473	00094.735
474	00094.936
475	00095.137
476	00095.338
477	00095.538
478	00095.739
479	00095.940
480	00096.142
481	00096.343
482	00096.545
483	00096.746
484	00096.948
485	00097.150
486	00097.351
487	00097.553
488	00097.755
489	00097.957
490	00098.159
491	00098.361
492	00098.562
493	00098.763
494	00098.964
495	00099.165
496	00099.365
497	00099.566
498	00099.766
499	00099.966
500	00100.166
501	00100.365
502	00100.565
503	00100.764
504	00100.962
505	00101.160
506	00101.359
507	00101.557
508	00101.755
509	00101.953
510	00102.151
511	00102.349
512	00102.547
513	00102.744
514	00102.942
515	00103.140
516	00103.339
517	00103.537
518	00103.736
519	00103.935
520	00104.134
521	00104.334
522	00104.533
523	00104.732
524	00104.932
525	00105.131
526	00105.331
527	00105.530
528	00105.730
529	00105.929
530	00106.128
531	00106.328
532	00106.527
533	00106.726
534	00106.926
535	00107.125
536	00107.324
537	00107.523
538	00107.722
539	00107.922
540	00108.121
541	00108.320
542	00108.519
543	00108.718
544	00108.918
545	00109.117
546	00109.316
547	00109.515
548	00109.714
549	00109.913
550	00110.113
551	00110.312
552	00110.511
553	00110.710
554	00110.909
555	00111.109
556	00111.308
557	00111.507
558	00111.707
559	00111.906
560	00112.105
561	00112.304
562	00112.503
563	00112.702
564	00112.902
565	00113.101
566	00113.300
567	00113.500
568	00113.699
569	00113.899
570	00114.098
571	00114.298
572	00114.498
573	00114.698
574	00114.898
575	00115.098
576	00115.298
577	00115.497
578	00115.697
579	00115.897
580	00116.096
581	00116.296
582	00116.495
583	00116.695
584	00116.895
585	00117.094
586	00117.294
587	00117.493
588	00117.693
589	00117.892
590	00118.092
591	00118.292
592	00118.492
593	00118.692
594	00118.892
595	00119.092
596	00119.292
597	00119.492
598	00119.692
599	00119.893
600	00120.093
601	00120.294
602	00120.494
603	00120.695
604	00120.896
605	00121.097
606	00121.298
607	00121.499
608	00121.700
609	00121.901
610	00122.102
611	00122.303
612	00122.504
613	00122.704
614	00122.905
615	00123.106
616	00123.306
617	00123.506
618	00123.706
619	00123.906
620	00124.106
621	00124.306
622	00124.506
623	00124.706
624	00124.907
625	00125.107
626	00125.307
627	00125.507
628	00125.707
629	00125.908
630	00126.108
631	00126.309
632	00126.509
633	00126.709
634	00126.909
635	00127.110
636	00127.310
637	00127.511
638	00127.711
639	00127.912
640	00128.112
641	00128.313
642	00128.514
643	00128.715
644	00128.916
645	00129.117
646	00129.318
647	00129.520
648	00129.721
649	00129.922
650	00130.123
651	00130.324
652	00130.525
653	00130.726
654	00130.927
655	00131.128
656	00131.329
657	00131.530
658	00131.731
659	00131.932
660	00132.133
661	00132.333
662	00132.534
663	00132.735
664	00132.935
665	00133.136
666	00133.336
667	00133.536
668	00133.736
669	00133.936
670	00134.136
671	00134.336
672	00134.535
673	00134.735
674	00134.935
675	00135.135
676	00135.334
677	00135.534
678	00135.734
679	00135.934
680	00136.134
681	00136.334
682	00136.533
683	00136.733
684	00136.932
685	00137.132
686	00137.331
687	00137.530
688	00137.730
689	00137.929
690	00138.128
691	00138.328
692	00138.527
693	00138.726
694	00138.926
695	00139.125
696	00139.325
697	00139.524
698	00139.724
699	00139.923
700	00140.122
701	00140.322
702	00140.521
703	00140.720
704	00140.920
705	00141.120
706	00141.319
707	00141.519
708	00141.718
709	00141.918
710	00142.118
711	00142.319
712	00142.519
713	00142.720
714	00142.920
715	00143.121
716	00143.322
717	00143.523
718	00143.723
719	00143.924
720	00144.125
721	00144.326
722	00144.527
723	00144.727
724	00144.928
725	00145.129
726	00145.329
727	00145.530
728	00145.730
729	00145.930
730	00146.129
731	00146.329
732	00146.529
733	00146.729
734	00146.929
735	00147.129
736	00147.329
737	00147.528
738	00147.728
739	00147.927
740	00148.126
741	00148.325
742	00148.524
743	00148.724
744	00148.923
745	00149.122
746	00149.321
747	00149.521
748	00149.720
749	00149.920
750	00150.119
751	00150.319
752	00150.518
753	00150.718
754	00150.918
755	00151.118
756	00151.317
757	00151.517
758	00151.717
759	00151.917
760	00152.117
761	00152.317
762	00152.516
763	00152.716
764	00152.916
765	00153.116
766	00153.316
767	00153.516
768	00153.716
769	00153.916
770	00154.116
771	00154.315
772	00154.515
773	00154.715
774	00154.915
775	00155.114
776	00155.314
777	00155.514
778	00155.713
779	00155.913
780	00156.112
781	00156.312
782	00156.512
783	00156.712
784	00156.913
785	00157.113
786	00157.314
787	00157.514
788	00157.715
789	00157.915
790	00158.116
791	00158.316
792	00158.517
793	00158.718
794	00158.918
795	00159.119
796	00159.320
797	00159.521
798	00159.722
799	00159.923
800	00160.124
801	00160.326
802	00160.527
803	00160.728
804	00160.928
805	00161.129
806	00161.330
807	00161.531
808	00161.732
809	00161.933
810	00162.133
811	00162.333
812	00162.533
813	00162.733
814	00162.934
815	00163.134
816	00163.334
817	00163.534
818	00163.734
819	00163.934
820	00164.133
821	00164.333
822	00164.533
823	00164.732
824	00164.932
825	00165.131
826	00165.331
827	00165.531
828	00165.731
829	00165.931
830	00166.131
831	00166.331
832	00166.531
833	00166.731
834	00166.931
835	00167.132
836	00167.332
837	00167.532
838	00167.733
839	00167.933
840	00168.134
841	00168.335
842	00168.536
843	00168.736
844	00168.937
845	00169.137
846	00169.337
847	00169.538
848	00169.738
849	00169.938
850	00170.138
851	00170.338
852	00170.538
853	00170.738
854	00170.938
855	00171.138
856	00171.338
857	00171.537
858	00171.737
859	00171.937
860	00172.137
861	00172.337
862	00172.537
863	00172.737
864	00172.937
865	00173.137
866	00173.338
867	00173.538
868	00173.738
869	00173.938
870	00174.139
871	00174.339
872	00174.540
873	00174.740
874	00174.940
875	00175.141
876	00175.341
877	00175.541
878	00175.741
879	00175.941
880	00176.141
881	00176.341
882	00176.541
883	00176.740
884	00176.939
885	00177.139
886	00177.338
887	00177.537
888	00177.736
889	00177.935
890	00178.134
891	00178.333
892	00178.532
893	00178.731
894	00178.930
895	00179.128
896	00179.327
897	00179.525
898	00179.723
899	00179.921
900	00180.120
901	00180.318
902	00180.517
903	00180.715
904	00180.914
905	00181.112
906	00181.311
907	00181.509
908	00181.708
909	00181.907
910	00182.106
911	00182.305
912	00182.505
913	00182.704
914	00182.904
915	00183.103
916	00183.303
917	00183.503
918	00183.703
919	00183.903
920	00184.104
921	00184.305
922	00184.505
923	00184.706
924	00184.906
925	00185.107
926	00185.307
927	00185.508
928	00185.708
929	00185.908
930	00186.108
931	00186.308
932	00186.508
933	00186.708
934	00186.907
935	00187.107
936	00187.306
937	00187.506
938	00187.705
939	00187.904
940	00188.103
941	00188.302
942	00188.501
943	00188.700
944	00188.899
945	00189.098
946	00189.297
947	00189.496
948	00189.694
949	00189.893
950	00190.091
951	00190.290
952	00190.488
953	00190.687
954	00190.885
955	00191.084
956	00191.282
957	00191.481
958	00191.679
959	00191.878
960	00192.077
961	00192.275
962	00192.473
963	00192.672
964	00192.870
965	00193.068
966	00193.267
967	00193.465
968	00193.664
969	00193.862
970	00194.060
971	00194.259
972	00194.457
973	00194.656
974	00194.855
975	00195.054
976	00195.253
977	00195.452
978	00195.651
979	00195.850
980	00196.049
981	00196.249
982	00196.448
983	00196.647
984	00196.846
985	00197.045
986	00197.245
987	00197.444
988	00197.644
989	00197.843
990	00198.042
991	00198.242
992	00198.441
993	00198.641
994	00198.840
995	00199.040
996	00199.239
997	00199.439
998	00199.639
999	00199.838
1000	00200.038
1001	00200.238
1002	00200.438
1003	00200.638
1004	00200.837
1005	00201.037
1006	00201.236
1007	00201.435
1008	00201.635
1009	00201.834
1010	00202.032
1011	00202.231
1012	00202.429
1013	00202.627
1014	00202.825
1015	00203.023
1016	00203.221
1017	00203.419
1018	00203.617
1019	00203.814
1020	00204.011
1021	00204.208
1022	00204.406
1023	00204.603
