0	0	13
0	1	10
0	2	31
0	3	16
0	4	24
0	5	-33
0	6	45
0	7	-12
0	8	64
0	9	-17
0	10	36
0	11	-11
0	12	57
0	13	-14
0	14	63
0	15	-12
0	16	4
0	17	29
0	18	55
0	19	-21
0	20	73
0	21	-13
0	22	62
0	23	-15
0	24	25
0	25	12
0	26	13
0	27	24
0	28	78
0	29	-26
0	30	22
0	31	15
0	32	43
0	33	-18
0	34	72
0	35	-26
0	36	54
0	37	-17
0	38	46
0	39	-15
0	40	52
0	41	13
0	42	62
0	43	-2
0	44	32
0	45	10
0	46	37
0	47	-17
0	48	57
0	49	-29
0	50	87
0	51	-15
0	52	62
0	53	-26
0	54	18
0	55	-7
0	56	37
0	57	4
0	58	3
0	59	-11
0	60	40
0	61	-7
0	62	-14
0	63	0
0	64	68
0	65	8
0	66	-17
0	67	31
0	68	68
0	69	-66
0	70	54
0	71	-14
0	72	49
0	73	-13
0	74	72
0	75	10
0	76	56
0	77	-18
0	78	56
0	79	-5
0	80	36
0	81	7
0	82	54
0	83	10
0	84	51
0	85	-6
0	86	43
0	87	-4
0	88	32
0	89	-19
0	90	33
0	91	20
0	92	82
0	93	-12
0	94	38
0	95	11
0	96	60
0	97	-19
0	98	56
0	99	0
0	100	67
0	101	46
0	102	34
0	103	15
0	104	24
0	105	-11
0	106	31
0	107	27
0	108	30
0	109	-6
0	110	18
0	111	6
0	112	60
0	113	2
0	114	72
0	115	16
0	116	14
0	117	-2
0	118	29
0	119	24
0	120	81
0	121	-17
0	122	47
0	123	28
0	124	44
0	125	36
0	126	37
0	127	6
0	128	18
0	129	-11
0	130	41
0	131	-21
0	132	32
0	133	-7
0	134	39
0	135	5
0	136	67
0	137	30
0	138	33
0	139	-7
0	140	54
0	141	7
0	142	8
0	143	21
0	144	61
0	145	9
0	146	33
0	147	-3
0	148	56
0	149	59
0	150	32
0	151	12
0	152	47
0	153	-50
0	154	62
0	155	31
0	156	74
0	157	-19
0	158	53
0	159	-9
0	160	35
0	161	-11
0	162	13
0	163	0
0	164	78
0	165	-19
0	166	62
0	167	6
0	168	68
0	169	24
0	170	73
0	171	-23
0	172	50
0	173	-19
0	174	26
0	175	-28
0	176	72
0	177	0
0	178	64
0	179	-42
0	180	25
0	181	-7
0	182	51
0	183	-21
0	184	19
0	185	-21
0	186	76
0	187	3
0	188	32
0	189	-27
0	190	18
0	191	-18
0	192	34
0	193	10
0	194	30
0	195	2
0	196	6
0	197	-30
0	198	77
0	199	6
0	200	42
0	201	-7
0	202	48
0	203	17
0	204	30
0	205	-12
0	206	32
0	207	-18
0	208	36
0	209	-29
0	210	37
0	211	7
0	212	89
0	213	-13
0	214	20
0	215	4
0	216	30
0	217	-21
0	218	50
0	219	-11
0	220	51
0	221	-37
0	222	17
0	223	21
0	224	28
0	225	25
0	226	-4
0	227	-3
0	228	80
0	229	-36
0	230	-17
0	231	6
0	232	71
0	233	9
0	234	18
0	235	19
0	236	60
0	237	-19
0	238	32
0	239	8
0	240	35
0	241	-10
0	242	38
0	243	-16
0	244	64
0	245	18
0	246	62
0	247	8
0	248	47
0	249	-25
0	250	68
0	251	11
0	252	31
0	253	5
0	254	40
0	255	30
0	256	2
0	257	-10
0	258	38
0	259	8
0	260	37
0	261	6
0	262	49
0	263	-26
0	264	30
0	265	-46
0	266	44
0	267	-35
0	268	63
0	269	28
0	270	30
0	271	5
0	272	71
0	273	0
0	274	39
0	275	-19
0	276	28
0	277	4
0	278	46
0	279	-7
0	280	59
0	281	-19
0	282	46
0	283	-16
0	284	79
0	285	5
0	286	40
0	287	-4
0	288	35
0	289	-31
0	290	34
0	291	14
0	292	26
0	293	-15
0	294	62
0	295	-15
0	296	29
0	297	9
0	298	43
0	299	-22
0	300	31
0	301	0
0	302	46
0	303	-19
0	304	32
0	305	-6
0	306	60
0	307	-28
0	308	51
0	309	17
0	310	57
0	311	-23
0	312	72
0	313	-6
0	314	56
0	315	14
0	316	7
0	317	-24
0	318	36
0	319	14
0	320	31
0	321	20
0	322	26
0	323	-15
0	324	65
0	325	-22
0	326	52
0	327	-30
0	328	58
0	329	-56
0	330	42
0	331	8
0	332	39
0	333	1
0	334	41
0	335	7
0	336	27
0	337	-12
0	338	16
0	339	-8
0	340	67
0	341	12
0	342	47
0	343	-6
0	344	21
0	345	-14
0	346	57
0	347	32
0	348	26
0	349	-47
0	350	-1
0	351	-12
0	352	36
0	353	1
0	354	45
0	355	8
0	356	38
0	357	-28
0	358	10
0	359	-4
0	360	29
0	361	-42
0	362	11
0	363	-41
0	364	81
0	365	-15
0	366	20
0	367	8
0	368	55
0	369	6
0	370	24
0	371	-15
0	372	64
0	373	-42
0	374	21
0	375	-13
0	376	55
0	377	-11
0	378	4
0	379	25
0	380	21
0	381	3
0	382	20
0	383	-20
0	384	67
0	385	-14
0	386	56
0	387	-23
0	388	59
0	389	-43
0	390	42
0	391	-83
0	392	29
0	393	-33
0	394	6
0	395	-16
0	396	11
0	397	-20
0	398	23
0	399	31
0	400	29
0	401	-33
0	402	32
0	403	2
0	404	37
0	405	-17
0	406	51
0	407	-8
0	408	40
0	409	-11
0	410	7
0	411	47
0	412	64
0	413	4
0	414	17
0	415	-26
0	416	56
0	417	-29
0	418	25
0	419	29
0	420	49
0	421	3
0	422	58
0	423	18
0	424	44
0	425	-26
0	426	28
0	427	13
0	428	105
0	429	-4
0	430	40
0	431	-29
0	432	52
0	433	-6
0	434	41
0	435	-20
0	436	12
0	437	-21
0	438	49
0	439	0
0	440	17
0	441	4
0	442	44
0	443	-9
0	444	44
0	445	-18
0	446	42
0	447	-9
0	448	56
0	449	-5
0	450	5
0	451	-27
0	452	0
0	453	-9
0	454	21
0	455	3
0	456	22
0	457	3
0	458	47
0	459	-10
0	460	49
0	461	1
0	462	-12
0	463	28
0	464	8
0	465	-36
0	466	45
0	467	-18
0	468	55
0	469	-33
0	470	-1
0	471	14
0	472	35
0	473	2
0	474	17
0	475	2
0	476	68
0	477	-32
0	478	15
0	479	-7
0	480	39
0	481	-11
0	482	-1
0	483	-9
0	484	26
0	485	-18
0	486	17
0	487	-8
0	488	49
0	489	-30
0	490	12
0	491	-20
0	492	3
0	493	-30
0	494	35
0	495	16
0	496	50
0	497	4
0	498	-37
0	499	-106
0	500	-36
0	501	-95
0	502	-24
0	503	-71
0	504	49
0	505	6
0	506	45
0	507	20
0	508	44
0	509	1
0	510	31
0	511	-15
0	512	-10
0	513	7
0	514	-51
0	515	-31
0	516	-45
0	517	-27
0	518	-19
0	519	0
0	520	-50
0	521	-55
0	522	-5
0	523	-12
0	524	-38
0	525	-27
0	526	-24
0	527	1
0	528	-8
0	529	-19
0	530	-54
0	531	-19
0	532	-13
0	533	-11
0	534	11
0	535	-14
0	536	-44
0	537	-30
0	538	10
0	539	-5
0	540	-52
0	541	18
0	542	36
0	543	0
0	544	5
0	545	-2
0	546	-21
0	547	-34
0	548	-21
0	549	-35
0	550	3
0	551	-36
0	552	-34
0	553	12
0	554	-35
0	555	-41
0	556	-17
0	557	12
0	558	2
0	559	3
0	560	-21
0	561	-13
0	562	-32
0	563	-32
0	564	-12
0	565	17
0	566	31
0	567	-15
0	568	-24
0	569	-35
0	570	-61
0	571	-39
0	572	-46
0	573	-9
0	574	-21
0	575	-19
0	576	-29
0	577	-40
0	578	-33
0	579	43
0	580	-25
0	581	-32
0	582	-19
0	583	-33
0	584	11
0	585	3
0	586	-8
0	587	-41
0	588	-63
0	589	41
0	590	-39
0	591	15
0	592	-41
0	593	7
0	594	-7
0	595	-23
0	596	2
0	597	-36
0	598	-22
0	599	11
0	600	8
0	601	-19
0	602	-21
0	603	0
0	604	-23
0	605	-12
0	606	-29
0	607	10
0	608	-25
0	609	-30
0	610	-35
0	611	-22
0	612	8
0	613	16
0	614	-46
0	615	-32
0	616	-21
0	617	-17
0	618	-12
0	619	-26
0	620	-11
0	621	-8
0	622	-21
0	623	-28
0	624	-25
0	625	-18
0	626	-42
0	627	-30
0	628	-42
0	629	-12
0	630	-4
0	631	13
0	632	-39
0	633	18
0	634	4
0	635	-15
0	636	-54
0	637	-9
0	638	-12
0	639	-12
0	640	-18
0	641	-30
0	642	-60
0	643	-31
0	644	-46
0	645	25
0	646	-14
0	647	-44
0	648	-35
0	649	16
0	650	-34
0	651	24
0	652	-2
0	653	-2
0	654	22
0	655	-24
0	656	-50
0	657	-13
0	658	-30
0	659	-18
0	660	-32
0	661	-16
0	662	-6
0	663	-47
0	664	-4
0	665	-70
0	666	7
0	667	-28
0	668	-32
0	669	-13
0	670	-27
0	671	-3
0	672	1
0	673	-39
0	674	19
0	675	10
0	676	5
0	677	-63
0	678	-23
0	679	-12
0	680	-27
0	681	-40
0	682	-23
0	683	-26
0	684	-29
0	685	-3
0	686	-38
0	687	-7
0	688	-37
0	689	23
0	690	-14
0	691	-5
0	692	-33
0	693	1
0	694	-6
0	695	4
0	696	-43
0	697	2
0	698	-27
0	699	-23
0	700	-19
0	701	-20
0	702	-6
0	703	3
0	704	40
0	705	-13
0	706	-22
0	707	-38
0	708	-25
0	709	4
0	710	0
0	711	-46
0	712	-13
0	713	-29
0	714	6
0	715	-41
0	716	-23
0	717	-17
0	718	6
0	719	-35
0	720	15
0	721	-28
0	722	10
0	723	9
0	724	-2
0	725	-30
0	726	-9
0	727	26
0	728	-7
0	729	0
0	730	-32
0	731	-4
0	732	-28
0	733	9
0	734	-34
0	735	-22
0	736	5
0	737	-34
0	738	-68
0	739	-18
0	740	-19
0	741	-16
0	742	-6
0	743	-19
0	744	12
0	745	-37
0	746	-9
0	747	0
0	748	-4
0	749	-21
0	750	-18
0	751	-15
0	752	-36
0	753	3
0	754	-11
0	755	-51
0	756	3
0	757	-1
0	758	-24
0	759	12
0	760	-28
0	761	-56
0	762	-8
0	763	-27
0	764	-17
0	765	-45
0	766	16
0	767	-9
0	768	-9
0	769	-2
0	770	-39
0	771	-10
0	772	-8
0	773	-41
0	774	-13
0	775	-26
0	776	-23
0	777	15
0	778	-44
0	779	-17
0	780	-35
0	781	-34
0	782	-56
0	783	-15
0	784	-1
0	785	12
0	786	-11
0	787	1
0	788	-23
0	789	-14
0	790	-33
0	791	-9
0	792	-39
0	793	5
0	794	-23
0	795	-23
0	796	-6
0	797	-7
0	798	-3
0	799	-36
0	800	-27
0	801	22
0	802	-31
0	803	-21
0	804	17
0	805	0
0	806	-41
0	807	-45
0	808	-48
0	809	15
0	810	-28
0	811	-32
0	812	6
0	813	3
0	814	-37
0	815	-78
0	816	-54
0	817	-2
0	818	-1
0	819	-9
0	820	38
0	821	-7
0	822	-24
0	823	-13
0	824	2
0	825	-4
0	826	-46
0	827	-30
0	828	-19
0	829	-45
0	830	-26
0	831	-7
0	832	-24
0	833	-7
0	834	-12
0	835	-36
0	836	-47
0	837	-34
0	838	-13
0	839	-15
0	840	-48
0	841	-25
0	842	-10
0	843	22
0	844	-20
0	845	-52
0	846	-48
0	847	-16
0	848	2
0	849	-29
0	850	7
0	851	14
0	852	-9
0	853	-6
0	854	-15
0	855	-23
0	856	-36
0	857	17
0	858	17
0	859	-36
0	860	-23
0	861	-11
0	862	14
0	863	-56
0	864	-45
0	865	-37
0	866	2
0	867	-10
0	868	-54
0	869	20
0	870	-7
0	871	-44
0	872	-41
0	873	-24
0	874	-17
0	875	-12
0	876	34
0	877	-15
0	878	-11
0	879	6
0	880	-23
0	881	3
0	882	-17
0	883	-37
0	884	-15
0	885	-43
0	886	0
0	887	-55
0	888	-53
0	889	-46
0	890	-34
0	891	9
0	892	-16
0	893	-9
0	894	-10
0	895	-47
0	896	-4
0	897	-16
0	898	-8
0	899	-43
0	900	38
0	901	-19
0	902	-11
0	903	18
0	904	-18
0	905	8
0	906	-12
0	907	-9
0	908	-11
0	909	-15
0	910	-12
0	911	-10
0	912	-26
0	913	-8
0	914	-7
0	915	9
0	916	6
0	917	-4
0	918	3
0	919	-33
0	920	-3
0	921	-48
0	922	1
0	923	-5
0	924	-9
0	925	-5
0	926	-33
0	927	-27
0	928	-45
0	929	-43
0	930	-28
0	931	-15
0	932	-20
0	933	7
0	934	-19
0	935	-39
0	936	20
0	937	16
0	938	-18
0	939	-42
0	940	-6
0	941	-4
0	942	-9
0	943	-77
0	944	-13
0	945	5
0	946	-40
0	947	-7
0	948	12
0	949	4
0	950	-15
0	951	-32
0	952	-4
0	953	-3
0	954	-5
0	955	7
0	956	-4
0	957	14
0	958	-43
0	959	6
0	960	-33
0	961	-4
0	962	6
0	963	-3
0	964	-38
0	965	15
0	966	-21
0	967	-32
0	968	-57
0	969	-22
0	970	-36
0	971	5
0	972	-2
0	973	-34
0	974	-1
0	975	-41
0	976	0
0	977	-11
0	978	9
0	979	-18
0	980	-20
0	981	-23
0	982	-4
0	983	3
0	984	-35
0	985	-36
0	986	15
0	987	-19
0	988	-41
0	989	-23
0	990	4
0	991	-46
0	992	-24
0	993	-32
0	994	-26
0	995	-27
0	996	-8
0	997	2
0	998	-5
0	999	-13
0	1000	32
0	1001	-21
0	1002	5
0	1003	11
0	1004	28
0	1005	-29
0	1006	-13
0	1007	3
0	1008	-14
0	1009	-8
0	1010	-43
0	1011	-25
0	1012	-34
0	1013	-20
0	1014	5
0	1015	-29
0	1016	23
0	1017	-11
0	1018	-22
0	1019	-26
0	1020	-51
0	1021	25
0	1022	-20
0	1023	-53
1	0	43
1	1	-20
1	2	35
1	3	-25
1	4	43
1	5	-11
1	6	14
1	7	-25
1	8	35
1	9	15
1	10	42
1	11	-5
1	12	22
1	13	-13
1	14	38
1	15	14
1	16	51
1	17	-34
1	18	6
1	19	-25
1	20	41
1	21	-44
1	22	53
1	23	40
1	24	55
1	25	-15
1	26	37
1	27	-9
1	28	64
1	29	-3
1	30	26
1	31	-29
1	32	35
1	33	-13
1	34	25
1	35	49
1	36	59
1	37	-22
1	38	73
1	39	-8
1	40	44
1	41	-17
1	42	93
1	43	7
1	44	50
1	45	-14
1	46	44
1	47	50
1	48	53
1	49	-20
1	50	22
1	51	2
1	52	47
1	53	12
1	54	41
1	55	-3
1	56	75
1	57	-12
1	58	10
1	59	23
1	60	21
1	61	-13
1	62	54
1	63	-40
1	64	51
1	65	-60
1	66	34
1	67	-21
1	68	57
1	69	-2
1	70	34
1	71	22
1	72	18
1	73	1
1	74	85
1	75	0
1	76	81
1	77	-1
1	78	62
1	79	-19
1	80	39
1	81	20
1	82	13
1	83	30
1	84	34
1	85	-13
1	86	48
1	87	13
1	88	55
1	89	-1
1	90	74
1	91	12
1	92	61
1	93	23
1	94	36
1	95	-40
1	96	67
1	97	1
1	98	43
1	99	-36
1	100	54
1	101	8
1	102	56
1	103	21
1	104	69
1	105	14
1	106	52
1	107	18
1	108	39
1	109	-23
1	110	9
1	111	3
1	112	49
1	113	-31
1	114	72
1	115	-41
1	116	39
1	117	-34
1	118	37
1	119	-18
1	120	41
1	121	-10
1	122	56
1	123	10
1	124	82
1	125	28
1	126	36
1	127	14
1	128	23
1	129	3
1	130	60
1	131	-18
1	132	65
1	133	-15
1	134	42
1	135	12
1	136	12
1	137	-31
1	138	72
1	139	-9
1	140	10
1	141	0
1	142	41
1	143	17
1	144	49
1	145	-32
1	146	48
1	147	13
1	148	22
1	149	4
1	150	58
1	151	19
1	152	51
1	153	-28
1	154	58
1	155	-1
1	156	50
1	157	-21
1	158	33
1	159	12
1	160	43
1	161	-19
1	162	27
1	163	1
1	164	26
1	165	-7
1	166	32
1	167	7
1	168	42
1	169	-32
1	170	38
1	171	18
1	172	24
1	173	-22
1	174	45
1	175	0
1	176	50
1	177	-7
1	178	37
1	179	16
1	180	36
1	181	6
1	182	74
1	183	-52
1	184	75
1	185	4
1	186	52
1	187	9
1	188	73
1	189	-29
1	190	23
1	191	-9
1	192	28
1	193	-34
1	194	18
1	195	-17
1	196	59
1	197	10
1	198	27
1	199	36
1	200	49
1	201	5
1	202	72
1	203	14
1	204	36
1	205	1
1	206	33
1	207	15
1	208	46
1	209	10
1	210	46
1	211	-14
1	212	50
1	213	-24
1	214	31
1	215	30
1	216	23
1	217	18
1	218	67
1	219	-11
1	220	54
1	221	17
1	222	25
1	223	-43
1	224	37
1	225	6
1	226	27
1	227	-17
1	228	38
1	229	-5
1	230	28
1	231	4
1	232	45
1	233	5
1	234	22
1	235	3
1	236	51
1	237	-4
1	238	29
1	239	-25
1	240	-9
1	241	-27
1	242	76
1	243	-13
1	244	51
1	245	-21
1	246	26
1	247	-35
1	248	49
1	249	-6
1	250	53
1	251	15
1	252	24
1	253	-10
1	254	42
1	255	-21
1	256	63
1	257	-62
1	258	55
1	259	-43
1	260	35
1	261	-10
1	262	30
1	263	10
1	264	33
1	265	16
1	266	44
1	267	0
1	268	48
1	269	18
1	270	30
1	271	-18
1	272	19
1	273	16
1	274	29
1	275	-19
1	276	96
1	277	-24
1	278	38
1	279	20
1	280	49
1	281	-5
1	282	57
1	283	5
1	284	14
1	285	-20
1	286	58
1	287	1
1	288	51
1	289	-7
1	290	51
1	291	-8
1	292	50
1	293	-9
1	294	24
1	295	3
1	296	27
1	297	-7
1	298	61
1	299	-13
1	300	45
1	301	-13
1	302	42
1	303	17
1	304	36
1	305	3
1	306	84
1	307	8
1	308	31
1	309	-49
1	310	45
1	311	-11
1	312	48
1	313	-30
1	314	47
1	315	-15
1	316	93
1	317	18
1	318	59
1	319	-23
1	320	39
1	321	-5
1	322	64
1	323	-15
1	324	47
1	325	-9
1	326	57
1	327	-4
1	328	54
1	329	-21
1	330	39
1	331	13
1	332	38
1	333	0
1	334	59
1	335	-19
1	336	49
1	337	-19
1	338	57
1	339	12
1	340	31
1	341	-18
1	342	11
1	343	19
1	344	77
1	345	-29
1	346	36
1	347	-32
1	348	68
1	349	-13
1	350	32
1	351	4
1	352	16
1	353	9
1	354	14
1	355	-25
1	356	47
1	357	0
1	358	57
1	359	-27
1	360	27
1	361	-32
1	362	15
1	363	-30
1	364	55
1	365	-1
1	366	38
1	367	9
1	368	28
1	369	-8
1	370	45
1	371	34
1	372	20
1	373	-11
1	374	32
1	375	11
1	376	36
1	377	-4
1	378	22
1	379	-10
1	380	74
1	381	33
1	382	-6
1	383	-7
1	384	60
1	385	-12
1	386	44
1	387	-19
1	388	67
1	389	-11
1	390	34
1	391	15
1	392	1
1	393	-23
1	394	11
1	395	-14
1	396	72
1	397	-36
1	398	39
1	399	-5
1	400	25
1	401	5
1	402	16
1	403	-38
1	404	55
1	405	1
1	406	31
1	407	32
1	408	11
1	409	2
1	410	4
1	411	-4
1	412	72
1	413	7
1	414	49
1	415	-9
1	416	51
1	417	-9
1	418	61
1	419	16
1	420	36
1	421	14
1	422	29
1	423	1
1	424	62
1	425	-10
1	426	69
1	427	2
1	428	54
1	429	9
1	430	29
1	431	-17
1	432	57
1	433	-23
1	434	59
1	435	-2
1	436	39
1	437	-5
1	438	67
1	439	-14
1	440	54
1	441	-8
1	442	68
1	443	10
1	444	13
1	445	-17
1	446	36
1	447	-7
1	448	55
1	449	1
1	450	17
1	451	15
1	452	48
1	453	-26
1	454	39
1	455	-29
1	456	50
1	457	-15
1	458	18
1	459	-39
1	460	45
1	461	-32
1	462	48
1	463	29
1	464	50
1	465	-1
1	466	28
1	467	-11
1	468	66
1	469	3
1	470	51
1	471	2
1	472	53
1	473	0
1	474	13
1	475	-39
1	476	65
1	477	-13
1	478	27
1	479	-20
1	480	72
1	481	27
1	482	34
1	483	-22
1	484	49
1	485	-16
1	486	29
1	487	10
1	488	63
1	489	-22
1	490	33
1	491	1
1	492	83
1	493	-27
1	494	38
1	495	-11
1	496	28
1	497	3
1	498	-73
1	499	-65
1	500	-63
1	501	-80
1	502	-42
1	503	-59
1	504	48
1	505	-14
1	506	74
1	507	8
1	508	41
1	509	-20
1	510	63
1	511	-24
1	512	-38
1	513	8
1	514	-45
1	515	-6
1	516	-42
1	517	-39
1	518	-3
1	519	-58
1	520	-20
1	521	-44
1	522	-20
1	523	-12
1	524	-15
1	525	-20
1	526	4
1	527	-25
1	528	-59
1	529	5
1	530	-7
1	531	-7
1	532	-16
1	533	-20
1	534	-27
1	535	-38
1	536	-4
1	537	-8
1	538	-13
1	539	3
1	540	-9
1	541	-46
1	542	-75
1	543	-19
1	544	-13
1	545	-37
1	546	20
1	547	-15
1	548	1
1	549	10
1	550	-11
1	551	-32
1	552	1
1	553	-41
1	554	-14
1	555	18
1	556	-11
1	557	-9
1	558	5
1	559	8
1	560	-18
1	561	-15
1	562	20
1	563	-13
1	564	-52
1	565	-5
1	566	-40
1	567	-14
1	568	-31
1	569	6
1	570	-27
1	571	-42
1	572	-29
1	573	35
1	574	-39
1	575	-38
1	576	-15
1	577	-11
1	578	-39
1	579	-36
1	580	-43
1	581	-63
1	582	0
1	583	-47
1	584	-2
1	585	-60
1	586	7
1	587	-20
1	588	-31
1	589	-3
1	590	15
1	591	-7
1	592	-6
1	593	-26
1	594	-9
1	595	-39
1	596	-41
1	597	-5
1	598	1
1	599	-16
1	600	0
1	601	-22
1	602	-12
1	603	-4
1	604	-5
1	605	-9
1	606	-29
1	607	-48
1	608	-50
1	609	-33
1	610	0
1	611	-57
1	612	-48
1	613	-40
1	614	-37
1	615	-36
1	616	-5
1	617	17
1	618	-30
1	619	-32
1	620	-27
1	621	-41
1	622	-46
1	623	-18
1	624	-26
1	625	-12
1	626	-33
1	627	-39
1	628	-39
1	629	-19
1	630	-16
1	631	-16
1	632	-17
1	633	-1
1	634	-8
1	635	4
1	636	-12
1	637	-20
1	638	0
1	639	-55
1	640	-32
1	641	-61
1	642	-23
1	643	-9
1	644	-44
1	645	5
1	646	-12
1	647	-49
1	648	-48
1	649	-20
1	650	-11
1	651	-42
1	652	14
1	653	19
1	654	-11
1	655	-12
1	656	-9
1	657	-48
1	658	-39
1	659	1
1	660	-20
1	661	-25
1	662	-4
1	663	-16
1	664	-17
1	665	10
1	666	10
1	667	-12
1	668	-10
1	669	-13
1	670	3
1	671	-20
1	672	-42
1	673	-4
1	674	-8
1	675	-13
1	676	-13
1	677	-11
1	678	-11
1	679	-63
1	680	-20
1	681	14
1	682	-52
1	683	-30
1	684	3
1	685	25
1	686	-23
1	687	-37
1	688	-30
1	689	7
1	690	-30
1	691	-18
1	692	-27
1	693	19
1	694	6
1	695	2
1	696	-30
1	697	-9
1	698	23
1	699	-5
1	700	-57
1	701	-14
1	702	23
1	703	-31
1	704	-9
1	705	-41
1	706	8
1	707	10
1	708	-32
1	709	-27
1	710	32
1	711	-12
1	712	-25
1	713	2
1	714	-39
1	715	-3
1	716	-3
1	717	7
1	718	-13
1	719	-17
1	720	-28
1	721	-19
1	722	-46
1	723	-34
1	724	19
1	725	20
1	726	7
1	727	3
1	728	-36
1	729	-13
1	730	-14
1	731	-7
1	732	30
1	733	-3
1	734	-27
1	735	3
1	736	-53
1	737	-2
1	738	-24
1	739	-13
1	740	-59
1	741	-35
1	742	-18
1	743	1
1	744	-7
1	745	-15
1	746	-37
1	747	-70
1	748	-30
1	749	-21
1	750	-32
1	751	2
1	752	-23
1	753	-27
1	754	-5
1	755	-22
1	756	-27
1	757	-33
1	758	17
1	759	-20
1	760	-43
1	761	-39
1	762	0
1	763	-29
1	764	2
1	765	-43
1	766	15
1	767	-49
1	768	-40
1	769	13
1	770	-2
1	771	18
1	772	2
1	773	-16
1	774	-47
1	775	-25
1	776	-22
1	777	-5
1	778	-40
1	779	-34
1	780	-23
1	781	-59
1	782	-20
1	783	-22
1	784	-18
1	785	-53
1	786	0
1	787	-22
1	788	-6
1	789	14
1	790	-2
1	791	0
1	792	-30
1	793	7
1	794	3
1	795	-12
1	796	-25
1	797	-21
1	798	-39
1	799	-20
1	800	0
1	801	-29
1	802	32
1	803	5
1	804	-45
1	805	-6
1	806	-11
1	807	-13
1	808	-10
1	809	-10
1	810	20
1	811	-41
1	812	-53
1	813	-6
1	814	-6
1	815	-50
1	816	-54
1	817	-42
1	818	-22
1	819	13
1	820	-36
1	821	-50
1	822	0
1	823	-20
1	824	-20
1	825	27
1	826	8
1	827	0
1	828	-10
1	829	-16
1	830	-15
1	831	-14
1	832	-9
1	833	1
1	834	3
1	835	-7
1	836	-33
1	837	-47
1	838	-65
1	839	-14
1	840	-38
1	841	-17
1	842	-36
1	843	-35
1	844	-16
1	845	-20
1	846	3
1	847	-72
1	848	-52
1	849	-57
1	850	-50
1	851	0
1	852	-25
1	853	-15
1	854	-22
1	855	-23
1	856	-21
1	857	-20
1	858	-15
1	859	-17
1	860	-16
1	861	-28
1	862	-2
1	863	-34
1	864	-39
1	865	-6
1	866	6
1	867	19
1	868	-49
1	869	-12
1	870	-24
1	871	5
1	872	-21
1	873	-31
1	874	-24
1	875	-39
1	876	-47
1	877	-46
1	878	-20
1	879	-3
1	880	-28
1	881	-25
1	882	23
1	883	-27
1	884	-17
1	885	-27
1	886	-20
1	887	-35
1	888	-33
1	889	16
1	890	9
1	891	7
1	892	-4
1	893	-16
1	894	-31
1	895	3
1	896	-25
1	897	-34
1	898	-35
1	899	21
1	900	-63
1	901	-10
1	902	-48
1	903	-25
1	904	-52
1	905	2
1	906	9
1	907	-26
1	908	2
1	909	-28
1	910	-38
1	911	-37
1	912	-6
1	913	-20
1	914	-32
1	915	-44
1	916	-19
1	917	-28
1	918	-15
1	919	33
1	920	-36
1	921	13
1	922	-2
1	923	11
1	924	-20
1	925	-20
1	926	-33
1	927	-30
1	928	-34
1	929	-51
1	930	-28
1	931	-41
1	932	-17
1	933	-7
1	934	-18
1	935	13
1	936	-55
1	937	-14
1	938	-3
1	939	14
1	940	-20
1	941	-38
1	942	-1
1	943	-70
1	944	-16
1	945	-2
1	946	-27
1	947	-12
1	948	3
1	949	7
1	950	-21
1	951	1
1	952	6
1	953	-28
1	954	-37
1	955	-33
1	956	1
1	957	-18
1	958	-11
1	959	-25
1	960	-31
1	961	6
1	962	-14
1	963	-34
1	964	-62
1	965	18
1	966	-24
1	967	3
1	968	5
1	969	5
1	970	-31
1	971	-24
1	972	-6
1	973	2
1	974	-7
1	975	0
1	976	9
1	977	-19
1	978	-26
1	979	-20
1	980	-6
1	981	10
1	982	3
1	983	7
1	984	-25
1	985	19
1	986	-17
1	987	-38
1	988	-14
1	989	-27
1	990	-41
1	991	-10
1	992	-10
1	993	-38
1	994	-17
1	995	-4
1	996	-17
1	997	-15
1	998	-9
1	999	-25
1	1000	-11
1	1001	-32
1	1002	4
1	1003	19
1	1004	-32
1	1005	-40
1	1006	-39
1	1007	16
1	1008	-6
1	1009	20
1	1010	-63
1	1011	-3
1	1012	0
1	1013	-34
1	1014	-16
1	1015	-21
1	1016	23
1	1017	-9
1	1018	-21
1	1019	-37
1	1020	-46
1	1021	23
1	1022	-20
1	1023	-29
2	0	36
2	1	-3
2	2	27
2	3	-49
2	4	19
2	5	-42
2	6	75
2	7	-4
2	8	58
2	9	-7
2	10	28
2	11	-37
2	12	47
2	13	-14
2	14	18
2	15	-45
2	16	14
2	17	-2
2	18	12
2	19	-15
2	20	35
2	21	-41
2	22	81
2	23	15
2	24	56
2	25	-9
2	26	20
2	27	-7
2	28	87
2	29	-17
2	30	34
2	31	-10
2	32	82
2	33	12
2	34	77
2	35	11
2	36	56
2	37	-4
2	38	52
2	39	16
2	40	46
2	41	26
2	42	62
2	43	13
2	44	59
2	45	-23
2	46	25
2	47	-21
2	48	70
2	49	-31
2	50	29
2	51	-11
2	52	27
2	53	-3
2	54	44
2	55	8
2	56	54
2	57	0
2	58	35
2	59	-28
2	60	22
2	61	2
2	62	43
2	63	-12
2	64	58
2	65	21
2	66	58
2	67	-9
2	68	64
2	69	-22
2	70	33
2	71	-2
2	72	41
2	73	5
2	74	37
2	75	-53
2	76	40
2	77	-2
2	78	19
2	79	-5
2	80	36
2	81	-36
2	82	42
2	83	7
2	84	50
2	85	-21
2	86	26
2	87	22
2	88	57
2	89	4
2	90	48
2	91	18
2	92	46
2	93	-10
2	94	66
2	95	1
2	96	22
2	97	-6
2	98	45
2	99	19
2	100	50
2	101	0
2	102	55
2	103	-20
2	104	30
2	105	7
2	106	53
2	107	48
2	108	57
2	109	-14
2	110	48
2	111	37
2	112	49
2	113	4
2	114	46
2	115	20
2	116	39
2	117	3
2	118	56
2	119	-1
2	120	45
2	121	-9
2	122	32
2	123	16
2	124	16
2	125	-9
2	126	67
2	127	-5
2	128	45
2	129	14
2	130	29
2	131	-20
2	132	41
2	133	-3
2	134	50
2	135	3
2	136	1
2	137	-39
2	138	26
2	139	19
2	140	61
2	141	7
2	142	19
2	143	-17
2	144	64
2	145	-3
2	146	43
2	147	-7
2	148	68
2	149	-23
2	150	59
2	151	-14
2	152	68
2	153	-13
2	154	51
2	155	-18
2	156	21
2	157	15
2	158	53
2	159	-33
2	160	40
2	161	-16
2	162	27
2	163	-8
2	164	45
2	165	-11
2	166	45
2	167	-19
2	168	49
2	169	-68
2	170	41
2	171	20
2	172	37
2	173	27
2	174	50
2	175	19
2	176	25
2	177	-11
2	178	25
2	179	20
2	180	60
2	181	-32
2	182	67
2	183	-25
2	184	57
2	185	2
2	186	41
2	187	-14
2	188	43
2	189	-4
2	190	18
2	191	16
2	192	19
2	193	-4
2	194	38
2	195	-44
2	196	19
2	197	4
2	198	41
2	199	24
2	200	46
2	201	6
2	202	44
2	203	-25
2	204	23
2	205	-26
2	206	24
2	207	-19
2	208	74
2	209	1
2	210	17
2	211	20
2	212	103
2	213	-15
2	214	10
2	215	-25
2	216	48
2	217	-21
2	218	42
2	219	8
2	220	30
2	221	-23
2	222	56
2	223	6
2	224	28
2	225	12
2	226	39
2	227	-22
2	228	49
2	229	-23
2	230	21
2	231	-7
2	232	40
2	233	0
2	234	40
2	235	3
2	236	18
2	237	-6
2	238	57
2	239	14
2	240	57
2	241	-18
2	242	-4
2	243	-25
2	244	65
2	245	-30
2	246	35
2	247	39
2	248	79
2	249	15
2	250	54
2	251	-9
2	252	74
2	253	-1
2	254	0
2	255	-14
2	256	40
2	257	-4
2	258	44
2	259	-45
2	260	10
2	261	-23
2	262	60
2	263	-27
2	264	30
2	265	-49
2	266	34
2	267	-19
2	268	25
2	269	-33
2	270	31
2	271	-23
2	272	26
2	273	-2
2	274	-10
2	275	27
2	276	54
2	277	7
2	278	74
2	279	-5
2	280	31
2	281	25
2	282	38
2	283	-35
2	284	30
2	285	-12
2	286	41
2	287	-19
2	288	52
2	289	-4
2	290	61
2	291	-42
2	292	43
2	293	-5
2	294	25
2	295	-9
2	296	16
2	297	-5
2	298	42
2	299	1
2	300	59
2	301	-44
2	302	38
2	303	-28
2	304	27
2	305	-57
2	306	18
2	307	7
2	308	46
2	309	-4
2	310	37
2	311	9
2	312	60
2	313	-9
2	314	24
2	315	-2
2	316	54
2	317	1
2	318	26
2	319	-19
2	320	39
2	321	9
2	322	49
2	323	-16
2	324	34
2	325	-18
2	326	39
2	327	-11
2	328	35
2	329	-11
2	330	49
2	331	13
2	332	66
2	333	-36
2	334	14
2	335	5
2	336	13
2	337	12
2	338	59
2	339	2
2	340	43
2	341	-11
2	342	13
2	343	6
2	344	48
2	345	-41
2	346	28
2	347	41
2	348	41
2	349	-17
2	350	29
2	351	22
2	352	67
2	353	30
2	354	45
2	355	-5
2	356	71
2	357	-19
2	358	38
2	359	-6
2	360	47
2	361	22
2	362	51
2	363	-36
2	364	37
2	365	-36
2	366	6
2	367	1
2	368	0
2	369	-9
2	370	10
2	371	-23
2	372	38
2	373	18
2	374	27
2	375	-22
2	376	25
2	377	4
2	378	49
2	379	25
2	380	28
2	381	-3
2	382	33
2	383	13
2	384	32
2	385	-43
2	386	67
2	387	-41
2	388	43
2	389	-31
2	390	16
2	391	18
2	392	42
2	393	-51
2	394	54
2	395	-13
2	396	31
2	397	-20
2	398	-4
2	399	-4
2	400	60
2	401	-6
2	402	63
2	403	-37
2	404	25
2	405	15
2	406	25
2	407	-52
2	408	63
2	409	-1
2	410	10
2	411	21
2	412	40
2	413	0
2	414	55
2	415	-8
2	416	41
2	417	4
2	418	51
2	419	-21
2	420	14
2	421	1
2	422	19
2	423	-17
2	424	60
2	425	-22
2	426	47
2	427	-2
2	428	62
2	429	-18
2	430	67
2	431	-19
2	432	4
2	433	-16
2	434	27
2	435	5
2	436	57
2	437	18
2	438	47
2	439	5
2	440	38
2	441	0
2	442	53
2	443	12
2	444	29
2	445	-17
2	446	60
2	447	0
2	448	56
2	449	-6
2	450	39
2	451	-12
2	452	47
2	453	-30
2	454	36
2	455	-40
2	456	61
2	457	3
2	458	45
2	459	38
2	460	18
2	461	2
2	462	19
2	463	-34
2	464	33
2	465	-46
2	466	50
2	467	6
2	468	74
2	469	16
2	470	12
2	471	-7
2	472	26
2	473	7
2	474	39
2	475	6
2	476	51
2	477	9
2	478	49
2	479	-11
2	480	32
2	481	45
2	482	54
2	483	-27
2	484	41
2	485	-8
2	486	10
2	487	-42
2	488	66
2	489	-6
2	490	50
2	491	-11
2	492	21
2	493	-10
2	494	39
2	495	-41
2	496	53
2	497	-10
2	498	-54
2	499	-96
2	500	-17
2	501	-115
2	502	-45
2	503	-119
2	504	71
2	505	-34
2	506	60
2	507	-13
2	508	40
2	509	-15
2	510	25
2	511	-10
2	512	-37
2	513	-34
2	514	-12
2	515	-32
2	516	-47
2	517	-19
2	518	-24
2	519	-5
2	520	-38
2	521	-45
2	522	-42
2	523	-4
2	524	-36
2	525	-37
2	526	-16
2	527	-45
2	528	-49
2	529	-18
2	530	-5
2	531	-2
2	532	-29
2	533	14
2	534	-54
2	535	-22
2	536	26
2	537	-16
2	538	14
2	539	-6
2	540	5
2	541	10
2	542	18
2	543	-25
2	544	-51
2	545	-16
2	546	-22
2	547	-17
2	548	-20
2	549	6
2	550	-27
2	551	2
2	552	2
2	553	-16
2	554	1
2	555	-8
2	556	-33
2	557	15
2	558	-34
2	559	-11
2	560	-49
2	561	-6
2	562	-16
2	563	-18
2	564	-14
2	565	-27
2	566	-17
2	567	-1
2	568	-2
2	569	-49
2	570	-26
2	571	-15
2	572	-8
2	573	-32
2	574	-2
2	575	-31
2	576	-46
2	577	-50
2	578	-31
2	579	-45
2	580	-18
2	581	-48
2	582	-39
2	583	5
2	584	-21
2	585	-5
2	586	14
2	587	-27
2	588	-44
2	589	10
2	590	-16
2	591	-13
2	592	-26
2	593	17
2	594	21
2	595	-11
2	596	-11
2	597	-28
2	598	0
2	599	-11
2	600	-38
2	601	-16
2	602	-6
2	603	-22
2	604	-39
2	605	-5
2	606	-9
2	607	-26
2	608	-32
2	609	-35
2	610	1
2	611	-35
2	612	-30
2	613	-23
2	614	-38
2	615	-13
2	616	-24
2	617	-30
2	618	-25
2	619	-21
2	620	-1
2	621	-41
2	622	17
2	623	-12
2	624	-19
2	625	-17
2	626	-57
2	627	15
2	628	-8
2	629	-10
2	630	-8
2	631	-25
2	632	3
2	633	-13
2	634	-25
2	635	2
2	636	32
2	637	-11
2	638	-8
2	639	5
2	640	-44
2	641	-33
2	642	-26
2	643	-43
2	644	10
2	645	-28
2	646	-26
2	647	22
2	648	-17
2	649	5
2	650	-9
2	651	-23
2	652	-13
2	653	38
2	654	-38
2	655	-28
2	656	-56
2	657	-13
2	658	-24
2	659	-45
2	660	-23
2	661	-10
2	662	-2
2	663	12
2	664	-8
2	665	-10
2	666	3
2	667	-25
2	668	13
2	669	-44
2	670	-33
2	671	-42
2	672	8
2	673	-9
2	674	-8
2	675	-28
2	676	10
2	677	5
2	678	-6
2	679	-3
2	680	-14
2	681	-35
2	682	-45
2	683	9
2	684	-18
2	685	7
2	686	-13
2	687	-34
2	688	-3
2	689	-16
2	690	-16
2	691	-18
2	692	-43
2	693	0
2	694	-18
2	695	-14
2	696	-13
2	697	-43
2	698	-24
2	699	-3
2	700	-45
2	701	-23
2	702	-27
2	703	4
2	704	-47
2	705	-7
2	706	-17
2	707	-38
2	708	-27
2	709	-25
2	710	15
2	711	-40
2	712	-38
2	713	-2
2	714	-27
2	715	15
2	716	-39
2	717	-30
2	718	-26
2	719	-58
2	720	8
2	721	-2
2	722	-12
2	723	16
2	724	-77
2	725	-11
2	726	7
2	727	7
2	728	30
2	729	-43
2	730	-15
2	731	-3
2	732	30
2	733	-30
2	734	-39
2	735	3
2	736	-38
2	737	-4
2	738	0
2	739	9
2	740	-36
2	741	-18
2	742	-13
2	743	-56
2	744	-40
2	745	-2
2	746	-33
2	747	-19
2	748	-34
2	749	-42
2	750	-14
2	751	-32
2	752	-2
2	753	-40
2	754	-23
2	755	12
2	756	-13
2	757	-11
2	758	-12
2	759	-24
2	760	-26
2	761	17
2	762	50
2	763	-21
2	764	-9
2	765	4
2	766	-16
2	767	12
2	768	-11
2	769	11
2	770	-21
2	771	-41
2	772	23
2	773	-32
2	774	7
2	775	-40
2	776	12
2	777	23
2	778	-8
2	779	-23
2	780	-28
2	781	16
2	782	-3
2	783	-29
2	784	-16
2	785	-12
2	786	7
2	787	32
2	788	-21
2	789	-26
2	790	15
2	791	-41
2	792	-9
2	793	-16
2	794	-9
2	795	47
2	796	-41
2	797	8
2	798	-40
2	799	9
2	800	-44
2	801	-23
2	802	-10
2	803	-4
2	804	5
2	805	-9
2	806	-21
2	807	13
2	808	-13
2	809	-5
2	810	-19
2	811	-45
2	812	-33
2	813	-27
2	814	-32
2	815	0
2	816	-40
2	817	-7
2	818	-3
2	819	-4
2	820	1
2	821	4
2	822	-3
2	823	-37
2	824	-23
2	825	-47
2	826	41
2	827	-14
2	828	-23
2	829	-28
2	830	-21
2	831	-19
2	832	10
2	833	-40
2	834	-15
2	835	-27
2	836	-34
2	837	-31
2	838	-30
2	839	8
2	840	14
2	841	-29
2	842	0
2	843	-45
2	844	-3
2	845	-23
2	846	-4
2	847	-21
2	848	-11
2	849	20
2	850	-19
2	851	19
2	852	-18
2	853	-47
2	854	-18
2	855	-31
2	856	-23
2	857	-25
2	858	8
2	859	-15
2	860	-35
2	861	-17
2	862	-10
2	863	-32
2	864	-65
2	865	-44
2	866	3
2	867	-16
2	868	-25
2	869	12
2	870	-52
2	871	38
2	872	2
2	873	-41
2	874	-4
2	875	15
2	876	-9
2	877	-4
2	878	-35
2	879	31
2	880	-33
2	881	-39
2	882	2
2	883	-30
2	884	-25
2	885	13
2	886	-18
2	887	2
2	888	-22
2	889	32
2	890	-11
2	891	-5
2	892	-7
2	893	38
2	894	41
2	895	-42
2	896	-8
2	897	-8
2	898	-29
2	899	-7
2	900	-16
2	901	-6
2	902	-32
2	903	-32
2	904	-9
2	905	-15
2	906	23
2	907	-27
2	908	-20
2	909	-5
2	910	12
2	911	39
2	912	-27
2	913	-27
2	914	-16
2	915	-30
2	916	-26
2	917	-11
2	918	-19
2	919	-14
2	920	9
2	921	16
2	922	-36
2	923	-43
2	924	-22
2	925	-9
2	926	-21
2	927	9
2	928	-13
2	929	-18
2	930	-24
2	931	-32
2	932	-2
2	933	-27
2	934	-31
2	935	-41
2	936	-17
2	937	-2
2	938	-5
2	939	-32
2	940	-37
2	941	-44
2	942	-43
2	943	2
2	944	-2
2	945	-8
2	946	-40
2	947	-12
2	948	-31
2	949	-39
2	950	17
2	951	-52
2	952	-47
2	953	15
2	954	-23
2	955	-53
2	956	0
2	957	0
2	958	-32
2	959	-17
2	960	-55
2	961	7
2	962	26
2	963	39
2	964	-6
2	965	-27
2	966	-5
2	967	2
2	968	-17
2	969	-25
2	970	12
2	971	-29
2	972	17
2	973	-9
2	974	41
2	975	-8
2	976	-23
2	977	-5
2	978	-28
2	979	-46
2	980	-12
2	981	-19
2	982	-15
2	983	-9
2	984	-8
2	985	-15
2	986	-13
2	987	17
2	988	-2
2	989	-6
2	990	-26
2	991	-55
2	992	-52
2	993	-16
2	994	5
2	995	-48
2	996	-34
2	997	-31
2	998	-20
2	999	-14
2	1000	-35
2	1001	-11
2	1002	14
2	1003	-64
2	1004	-3
2	1005	-31
2	1006	22
2	1007	-28
2	1008	-43
2	1009	-7
2	1010	-27
2	1011	-34
2	1012	-49
2	1013	-28
2	1014	-29
2	1015	-53
2	1016	-36
2	1017	-35
2	1018	-2
2	1019	-19
2	1020	-36
2	1021	-23
2	1022	-49
2	1023	-18
3	0	36
3	1	7
3	2	40
3	3	-36
3	4	38
3	5	-13
3	6	43
3	7	-38
3	8	27
3	9	-32
3	10	22
3	11	17
3	12	25
3	13	-13
3	14	26
3	15	25
3	16	65
3	17	15
3	18	60
3	19	7
3	20	68
3	21	10
3	22	59
3	23	-3
3	24	20
3	25	4
3	26	33
3	27	-20
3	28	101
3	29	-52
3	30	39
3	31	49
3	32	9
3	33	-18
3	34	22
3	35	10
3	36	52
3	37	1
3	38	47
3	39	-53
3	40	58
3	41	25
3	42	-10
3	43	-37
3	44	38
3	45	-24
3	46	51
3	47	-1
3	48	17
3	49	-22
3	50	45
3	51	-20
3	52	39
3	53	-14
3	54	9
3	55	15
3	56	51
3	57	25
3	58	82
3	59	4
3	60	0
3	61	-39
3	62	40
3	63	-17
3	64	97
3	65	-22
3	66	75
3	67	-20
3	68	13
3	69	-11
3	70	46
3	71	-2
3	72	78
3	73	0
3	74	65
3	75	4
3	76	58
3	77	-2
3	78	46
3	79	-15
3	80	71
3	81	10
3	82	75
3	83	-24
3	84	57
3	85	16
3	86	51
3	87	-3
3	88	48
3	89	-23
3	90	2
3	91	-26
3	92	44
3	93	27
3	94	24
3	95	-42
3	96	54
3	97	13
3	98	40
3	99	33
3	100	77
3	101	-28
3	102	36
3	103	-18
3	104	37
3	105	-9
3	106	55
3	107	-2
3	108	19
3	109	-26
3	110	-6
3	111	-28
3	112	13
3	113	-12
3	114	31
3	115	-12
3	116	18
3	117	19
3	118	48
3	119	-6
3	120	49
3	121	47
3	122	11
3	123	-6
3	124	37
3	125	-33
3	126	63
3	127	-12
3	128	47
3	129	-27
3	130	28
3	131	13
3	132	20
3	133	-33
3	134	51
3	135	7
3	136	28
3	137	1
3	138	77
3	139	1
3	140	52
3	141	24
3	142	4
3	143	18
3	144	35
3	145	-33
3	146	72
3	147	5
3	148	34
3	149	19
3	150	94
3	151	-14
3	152	42
3	153	22
3	154	47
3	155	-19
3	156	74
3	157	-39
3	158	35
3	159	0
3	160	58
3	161	17
3	162	30
3	163	25
3	164	43
3	165	32
3	166	58
3	167	0
3	168	78
3	169	-6
3	170	25
3	171	3
3	172	34
3	173	-19
3	174	63
3	175	-3
3	176	65
3	177	15
3	178	24
3	179	-7
3	180	15
3	181	0
3	182	29
3	183	-2
3	184	26
3	185	-32
3	186	9
3	187	31
3	188	57
3	189	20
3	190	2
3	191	11
3	192	23
3	193	-15
3	194	81
3	195	29
3	196	41
3	197	3
3	198	52
3	199	22
3	200	46
3	201	-2
3	202	48
3	203	44
3	204	77
3	205	24
3	206	69
3	207	-5
3	208	33
3	209	12
3	210	50
3	211	-30
3	212	76
3	213	-1
3	214	58
3	215	7
3	216	81
3	217	-9
3	218	46
3	219	-34
3	220	28
3	221	6
3	222	41
3	223	19
3	224	49
3	225	4
3	226	21
3	227	-6
3	228	54
3	229	-32
3	230	50
3	231	-8
3	232	61
3	233	4
3	234	21
3	235	13
3	236	51
3	237	-9
3	238	46
3	239	11
3	240	40
3	241	4
3	242	55
3	243	2
3	244	44
3	245	1
3	246	44
3	247	-27
3	248	10
3	249	-12
3	250	46
3	251	-24
3	252	56
3	253	5
3	254	6
3	255	-76
3	256	83
3	257	8
3	258	55
3	259	-16
3	260	34
3	261	25
3	262	55
3	263	1
3	264	29
3	265	-26
3	266	19
3	267	0
3	268	26
3	269	10
3	270	65
3	271	-21
3	272	30
3	273	8
3	274	39
3	275	9
3	276	42
3	277	-12
3	278	64
3	279	-31
3	280	23
3	281	19
3	282	69
3	283	2
3	284	57
3	285	-44
3	286	36
3	287	-19
3	288	52
3	289	15
3	290	13
3	291	0
3	292	85
3	293	16
3	294	48
3	295	-6
3	296	33
3	297	-2
3	298	81
3	299	-40
3	300	59
3	301	-66
3	302	43
3	303	4
3	304	49
3	305	-28
3	306	48
3	307	-10
3	308	8
3	309	1
3	310	-1
3	311	-8
3	312	55
3	313	-11
3	314	47
3	315	20
3	316	52
3	317	-15
3	318	17
3	319	-8
3	320	29
3	321	18
3	322	45
3	323	-43
3	324	36
3	325	7
3	326	54
3	327	-22
3	328	30
3	329	-12
3	330	63
3	331	-3
3	332	49
3	333	-12
3	334	53
3	335	2
3	336	58
3	337	-5
3	338	31
3	339	1
3	340	9
3	341	-5
3	342	54
3	343	-18
3	344	40
3	345	0
3	346	50
3	347	-37
3	348	30
3	349	1
3	350	70
3	351	-13
3	352	46
3	353	-20
3	354	25
3	355	-24
3	356	69
3	357	-22
3	358	43
3	359	-37
3	360	42
3	361	-20
3	362	24
3	363	-15
3	364	78
3	365	-38
3	366	48
3	367	-7
3	368	60
3	369	-36
3	370	44
3	371	-22
3	372	93
3	373	-11
3	374	85
3	375	-3
3	376	31
3	377	-23
3	378	56
3	379	-23
3	380	19
3	381	-19
3	382	38
3	383	25
3	384	50
3	385	-14
3	386	50
3	387	-10
3	388	48
3	389	-31
3	390	41
3	391	-22
3	392	60
3	393	-19
3	394	33
3	395	14
3	396	77
3	397	-15
3	398	41
3	399	10
3	400	46
3	401	-34
3	402	55
3	403	28
3	404	73
3	405	-35
3	406	49
3	407	21
3	408	48
3	409	-21
3	410	16
3	411	6
3	412	38
3	413	21
3	414	26
3	415	-26
3	416	71
3	417	-10
3	418	49
3	419	-18
3	420	60
3	421	-10
3	422	31
3	423	-6
3	424	62
3	425	9
3	426	49
3	427	30
3	428	75
3	429	-6
3	430	84
3	431	-2
3	432	42
3	433	-8
3	434	41
3	435	-8
3	436	22
3	437	-12
3	438	42
3	439	-6
3	440	60
3	441	-4
3	442	61
3	443	31
3	444	27
3	445	-5
3	446	8
3	447	7
3	448	73
3	449	16
3	450	22
3	451	-21
3	452	77
3	453	20
3	454	42
3	455	4
3	456	72
3	457	-24
3	458	30
3	459	-15
3	460	47
3	461	-20
3	462	42
3	463	0
3	464	57
3	465	-24
3	466	43
3	467	-6
3	468	15
3	469	-5
3	470	34
3	471	-6
3	472	33
3	473	-21
3	474	38
3	475	-15
3	476	64
3	477	-30
3	478	48
3	479	3
3	480	65
3	481	5
3	482	38
3	483	10
3	484	23
3	485	0
3	486	71
3	487	3
3	488	55
3	489	-73
3	490	48
3	491	13
3	492	55
3	493	-23
3	494	38
3	495	-9
3	496	73
3	497	-46
3	498	-31
3	499	-88
3	500	-35
3	501	-118
3	502	-2
3	503	-97
3	504	22
3	505	-14
3	506	83
3	507	30
3	508	17
3	509	-18
3	510	17
3	511	10
3	512	16
3	513	-15
3	514	-48
3	515	-3
3	516	-8
3	517	4
3	518	-23
3	519	-19
3	520	-45
3	521	-23
3	522	-10
3	523	-38
3	524	-29
3	525	-38
3	526	-34
3	527	-53
3	528	-19
3	529	-32
3	530	-27
3	531	-52
3	532	-15
3	533	-6
3	534	-32
3	535	-7
3	536	-16
3	537	-2
3	538	-41
3	539	-22
3	540	-46
3	541	-24
3	542	-3
3	543	-17
3	544	-37
3	545	14
3	546	-15
3	547	-53
3	548	10
3	549	-42
3	550	-21
3	551	-24
3	552	-9
3	553	-7
3	554	7
3	555	3
3	556	-73
3	557	-48
3	558	-58
3	559	4
3	560	-42
3	561	0
3	562	0
3	563	-30
3	564	-30
3	565	-47
3	566	-16
3	567	-18
3	568	5
3	569	-9
3	570	-17
3	571	-16
3	572	-33
3	573	5
3	574	-9
3	575	-17
3	576	-18
3	577	-6
3	578	-16
3	579	-28
3	580	-42
3	581	-4
3	582	-6
3	583	-15
3	584	-57
3	585	-66
3	586	-23
3	587	-25
3	588	0
3	589	-22
3	590	-23
3	591	-6
3	592	-50
3	593	-15
3	594	-26
3	595	-16
3	596	-18
3	597	-37
3	598	-36
3	599	19
3	600	-3
3	601	-25
3	602	-28
3	603	-16
3	604	-9
3	605	-32
3	606	-22
3	607	-24
3	608	-39
3	609	-27
3	610	-21
3	611	-12
3	612	-1
3	613	3
3	614	7
3	615	-38
3	616	-18
3	617	10
3	618	3
3	619	-23
3	620	-10
3	621	-49
3	622	-52
3	623	-20
3	624	-44
3	625	4
3	626	-21
3	627	6
3	628	-2
3	629	5
3	630	-23
3	631	-23
3	632	-26
3	633	14
3	634	-45
3	635	-37
3	636	-61
3	637	-12
3	638	-21
3	639	-15
3	640	-36
3	641	-51
3	642	4
3	643	7
3	644	-29
3	645	-35
3	646	-60
3	647	-39
3	648	-27
3	649	-46
3	650	-33
3	651	-32
3	652	-23
3	653	-35
3	654	-25
3	655	-10
3	656	-15
3	657	-28
3	658	-41
3	659	-32
3	660	-24
3	661	-36
3	662	-7
3	663	-26
3	664	-17
3	665	-32
3	666	-8
3	667	-11
3	668	-16
3	669	-16
3	670	-18
3	671	-40
3	672	-34
3	673	-36
3	674	9
3	675	-27
3	676	-27
3	677	-40
3	678	-60
3	679	-43
3	680	-27
3	681	15
3	682	17
3	683	-20
3	684	-8
3	685	2
3	686	-41
3	687	0
3	688	-11
3	689	-20
3	690	-34
3	691	-11
3	692	38
3	693	-6
3	694	-28
3	695	-5
3	696	-36
3	697	-29
3	698	8
3	699	-17
3	700	-52
3	701	6
3	702	3
3	703	-43
3	704	-29
3	705	-60
3	706	16
3	707	-33
3	708	-20
3	709	1
3	710	-62
3	711	-23
3	712	-18
3	713	20
3	714	-20
3	715	-26
3	716	-31
3	717	-14
3	718	-26
3	719	-18
3	720	-46
3	721	-19
3	722	-12
3	723	-9
3	724	3
3	725	3
3	726	-28
3	727	-12
3	728	-11
3	729	-38
3	730	-29
3	731	-6
3	732	-52
3	733	1
3	734	-7
3	735	-1
3	736	-20
3	737	-42
3	738	-39
3	739	-25
3	740	-42
3	741	-2
3	742	-21
3	743	-13
3	744	-30
3	745	-52
3	746	-29
3	747	25
3	748	-9
3	749	-6
3	750	-18
3	751	-34
3	752	-39
3	753	-42
3	754	-4
3	755	12
3	756	-13
3	757	-13
3	758	-28
3	759	-14
3	760	-37
3	761	29
3	762	5
3	763	-26
3	764	-14
3	765	-27
3	766	-39
3	767	-46
3	768	-29
3	769	2
3	770	1
3	771	15
3	772	-9
3	773	-13
3	774	1
3	775	-18
3	776	1
3	777	-9
3	778	-19
3	779	-38
3	780	-50
3	781	-24
3	782	-7
3	783	-31
3	784	6
3	785	-35
3	786	24
3	787	2
3	788	19
3	789	-23
3	790	-20
3	791	-51
3	792	-39
3	793	-7
3	794	-8
3	795	-53
3	796	-17
3	797	16
3	798	16
3	799	-9
3	800	-32
3	801	-30
3	802	-20
3	803	11
3	804	-9
3	805	2
3	806	8
3	807	-28
3	808	-23
3	809	9
3	810	-11
3	811	19
3	812	-35
3	813	-33
3	814	-19
3	815	25
3	816	-25
3	817	-6
3	818	8
3	819	-46
3	820	9
3	821	-13
3	822	-37
3	823	-32
3	824	-17
3	825	44
3	826	-10
3	827	-30
3	828	-42
3	829	-37
3	830	5
3	831	12
3	832	-51
3	833	-36
3	834	-23
3	835	-38
3	836	10
3	837	-19
3	838	-10
3	839	0
3	840	-8
3	841	-28
3	842	-10
3	843	5
3	844	-49
3	845	-15
3	846	11
3	847	-58
3	848	-12
3	849	-1
3	850	-16
3	851	-50
3	852	-5
3	853	-15
3	854	-41
3	855	-44
3	856	-31
3	857	-32
3	858	11
3	859	13
3	860	-19
3	861	2
3	862	24
3	863	-16
3	864	-12
3	865	-29
3	866	-37
3	867	0
3	868	10
3	869	30
3	870	-12
3	871	18
3	872	-14
3	873	-10
3	874	-7
3	875	-31
3	876	-16
3	877	31
3	878	-34
3	879	-41
3	880	-7
3	881	-2
3	882	20
3	883	-37
3	884	-14
3	885	14
3	886	-43
3	887	-29
3	888	-9
3	889	-40
3	890	-27
3	891	-28
3	892	-26
3	893	-11
3	894	-3
3	895	-13
3	896	-55
3	897	-29
3	898	38
3	899	-18
3	900	2
3	901	-28
3	902	6
3	903	-27
3	904	-17
3	905	-11
3	906	-11
3	907	-51
3	908	-24
3	909	-46
3	910	-40
3	911	18
3	912	-48
3	913	-7
3	914	-44
3	915	5
3	916	-27
3	917	-15
3	918	-5
3	919	-37
3	920	-10
3	921	-2
3	922	-16
3	923	1
3	924	1
3	925	-25
3	926	-17
3	927	-19
3	928	1
3	929	-29
3	930	-29
3	931	-22
3	932	-32
3	933	-12
3	934	-17
3	935	-27
3	936	-17
3	937	-45
3	938	-1
3	939	-51
3	940	-20
3	941	-28
3	942	7
3	943	-16
3	944	-12
3	945	-11
3	946	-15
3	947	-7
3	948	-23
3	949	-31
3	950	1
3	951	-21
3	952	-3
3	953	-7
3	954	-10
3	955	-29
3	956	-11
3	957	-20
3	958	20
3	959	-10
3	960	-23
3	961	-7
3	962	-10
3	963	-34
3	964	-10
3	965	9
3	966	-50
3	967	-11
3	968	-15
3	969	-31
3	970	-42
3	971	-18
3	972	-2
3	973	-7
3	974	-22
3	975	4
3	976	-58
3	977	12
3	978	-9
3	979	-35
3	980	-20
3	981	-24
3	982	-18
3	983	-4
3	984	-62
3	985	0
3	986	-40
3	987	-21
3	988	-14
3	989	-4
3	990	-15
3	991	-44
3	992	-42
3	993	-13
3	994	29
3	995	-19
3	996	-3
3	997	-27
3	998	-19
3	999	-28
3	1000	24
3	1001	-41
3	1002	16
3	1003	-9
3	1004	-10
3	1005	8
3	1006	4
3	1007	-31
3	1008	-28
3	1009	22
3	1010	-50
3	1011	-53
3	1012	-61
3	1013	-29
3	1014	8
3	1015	-31
3	1016	-11
3	1017	2
3	1018	-9
3	1019	-43
3	1020	-37
3	1021	-55
3	1022	-33
3	1023	-39
4	0	32
4	1	-38
4	2	28
4	3	-42
4	4	42
4	5	-32
4	6	92
4	7	17
4	8	52
4	9	0
4	10	55
4	11	33
4	12	56
4	13	-13
4	14	41
4	15	-11
4	16	76
4	17	3
4	18	48
4	19	5
4	20	70
4	21	8
4	22	59
4	23	3
4	24	64
4	25	-28
4	26	36
4	27	-4
4	28	26
4	29	-11
4	30	39
4	31	-21
4	32	60
4	33	-9
4	34	88
4	35	0
4	36	43
4	37	-20
4	38	97
4	39	-17
4	40	33
4	41	10
4	42	81
4	43	0
4	44	76
4	45	-6
4	46	10
4	47	-1
4	48	59
4	49	-9
4	50	17
4	51	-13
4	52	55
4	53	-31
4	54	14
4	55	17
4	56	50
4	57	-3
4	58	94
4	59	-8
4	60	45
4	61	-40
4	62	52
4	63	-16
4	64	61
4	65	-8
4	66	69
4	67	-18
4	68	31
4	69	-54
4	70	43
4	71	3
4	72	22
4	73	18
4	74	60
4	75	-19
4	76	64
4	77	-41
4	78	37
4	79	-26
4	80	40
4	81	46
4	82	39
4	83	-51
4	84	35
4	85	22
4	86	43
4	87	-31
4	88	62
4	89	-21
4	90	23
4	91	14
4	92	110
4	93	-26
4	94	37
4	95	-29
4	96	19
4	97	-31
4	98	14
4	99	-40
4	100	52
4	101	-3
4	102	98
4	103	-48
4	104	27
4	105	-16
4	106	23
4	107	-13
4	108	89
4	109	-5
4	110	4
4	111	-68
4	112	23
4	113	-21
4	114	44
4	115	-26
4	116	38
4	117	-71
4	118	49
4	119	53
4	120	54
4	121	-44
4	122	66
4	123	18
4	124	78
4	125	6
4	126	5
4	127	-19
4	128	29
4	129	20
4	130	15
4	131	-28
4	132	5
4	133	3
4	134	36
4	135	-13
4	136	16
4	137	-9
4	138	92
4	139	-40
4	140	36
4	141	52
4	142	59
4	143	33
4	144	48
4	145	-4
4	146	27
4	147	31
4	148	68
4	149	11
4	150	43
4	151	-42
4	152	49
4	153	-1
4	154	43
4	155	11
4	156	59
4	157	-8
4	158	40
4	159	-31
4	160	90
4	161	25
4	162	57
4	163	27
4	164	60
4	165	-9
4	166	18
4	167	-22
4	168	25
4	169	7
4	170	46
4	171	20
4	172	58
4	173	-17
4	174	0
4	175	-17
4	176	82
4	177	-32
4	178	46
4	179	-17
4	180	55
4	181	1
4	182	61
4	183	-8
4	184	17
4	185	-39
4	186	25
4	187	3
4	188	41
4	189	-16
4	190	27
4	191	-2
4	192	67
4	193	-15
4	194	33
4	195	-11
4	196	47
4	197	-20
4	198	25
4	199	25
4	200	55
4	201	-3
4	202	-2
4	203	-37
4	204	38
4	205	3
4	206	73
4	207	14
4	208	37
4	209	-25
4	210	30
4	211	34
4	212	74
4	213	-17
4	214	51
4	215	13
4	216	41
4	217	-4
4	218	31
4	219	-39
4	220	29
4	221	0
4	222	37
4	223	9
4	224	45
4	225	-46
4	226	36
4	227	-46
4	228	30
4	229	-22
4	230	36
4	231	7
4	232	36
4	233	7
4	234	52
4	235	14
4	236	17
4	237	-6
4	238	34
4	239	39
4	240	44
4	241	-35
4	242	33
4	243	-32
4	244	35
4	245	-41
4	246	47
4	247	-4
4	248	42
4	249	6
4	250	33
4	251	9
4	252	41
4	253	-1
4	254	35
4	255	-16
4	256	20
4	257	-31
4	258	46
4	259	-24
4	260	35
4	261	-28
4	262	7
4	263	-29
4	264	31
4	265	-40
4	266	9
4	267	8
4	268	66
4	269	-44
4	270	63
4	271	-14
4	272	74
4	273	-17
4	274	66
4	275	32
4	276	58
4	277	-15
4	278	35
4	279	-36
4	280	40
4	281	-8
4	282	1
4	283	0
4	284	76
4	285	23
4	286	66
4	287	-9
4	288	79
4	289	-6
4	290	22
4	291	-7
4	292	39
4	293	-5
4	294	41
4	295	17
4	296	47
4	297	0
4	298	27
4	299	-4
4	300	75
4	301	-24
4	302	58
4	303	-37
4	304	29
4	305	11
4	306	66
4	307	-25
4	308	41
4	309	11
4	310	53
4	311	-11
4	312	73
4	313	-8
4	314	67
4	315	15
4	316	64
4	317	-35
4	318	46
4	319	4
4	320	37
4	321	-8
4	322	51
4	323	-29
4	324	13
4	325	-12
4	326	28
4	327	-38
4	328	61
4	329	-33
4	330	50
4	331	-21
4	332	70
4	333	-5
4	334	27
4	335	-27
4	336	35
4	337	0
4	338	25
4	339	-6
4	340	14
4	341	4
4	342	33
4	343	-18
4	344	62
4	345	-45
4	346	87
4	347	3
4	348	74
4	349	-7
4	350	65
4	351	32
4	352	22
4	353	11
4	354	16
4	355	-12
4	356	45
4	357	-26
4	358	27
4	359	1
4	360	43
4	361	-1
4	362	39
4	363	17
4	364	1
4	365	29
4	366	35
4	367	-2
4	368	51
4	369	1
4	370	50
4	371	-12
4	372	29
4	373	4
4	374	12
4	375	-9
4	376	16
4	377	10
4	378	26
4	379	-35
4	380	22
4	381	-8
4	382	71
4	383	-20
4	384	24
4	385	6
4	386	65
4	387	-6
4	388	30
4	389	12
4	390	43
4	391	-41
4	392	39
4	393	-8
4	394	0
4	395	-7
4	396	39
4	397	9
4	398	37
4	399	-36
4	400	71
4	401	-21
4	402	34
4	403	-23
4	404	52
4	405	17
4	406	60
4	407	11
4	408	20
4	409	-10
4	410	30
4	411	1
4	412	74
4	413	-6
4	414	40
4	415	30
4	416	56
4	417	1
4	418	13
4	419	-28
4	420	55
4	421	-40
4	422	45
4	423	17
4	424	35
4	425	-28
4	426	34
4	427	2
4	428	46
4	429	-17
4	430	68
4	431	-8
4	432	47
4	433	-20
4	434	23
4	435	24
4	436	25
4	437	-10
4	438	69
4	439	1
4	440	39
4	441	-10
4	442	42
4	443	-5
4	444	39
4	445	-25
4	446	70
4	447	-11
4	448	0
4	449	10
4	450	23
4	451	-3
4	452	25
4	453	19
4	454	15
4	455	-28
4	456	61
4	457	-25
4	458	45
4	459	-14
4	460	29
4	461	-29
4	462	60
4	463	44
4	464	76
4	465	-50
4	466	42
4	467	2
4	468	2
4	469	-57
4	470	32
4	471	-20
4	472	46
4	473	-44
4	474	18
4	475	-38
4	476	37
4	477	10
4	478	31
4	479	4
4	480	52
4	481	0
4	482	29
4	483	-6
4	484	60
4	485	4
4	486	72
4	487	-24
4	488	46
4	489	-35
4	490	51
4	491	-35
4	492	45
4	493	21
4	494	89
4	495	-3
4	496	38
4	497	4
4	498	-5
4	499	-109
4	500	-5
4	501	-80
4	502	-14
4	503	-52
4	504	74
4	505	16
4	506	30
4	507	9
4	508	11
4	509	-52
4	510	27
4	511	-20
4	512	-64
4	513	-38
4	514	-3
4	515	-67
4	516	-25
4	517	-37
4	518	-3
4	519	-36
4	520	11
4	521	-8
4	522	-28
4	523	29
4	524	-59
4	525	-20
4	526	-22
4	527	-13
4	528	-23
4	529	-11
4	530	-42
4	531	-18
4	532	-22
4	533	4
4	534	15
4	535	-22
4	536	-21
4	537	-49
4	538	-50
4	539	-71
4	540	-14
4	541	-3
4	542	8
4	543	0
4	544	-12
4	545	-20
4	546	-4
4	547	-59
4	548	-23
4	549	-26
4	550	4
4	551	-32
4	552	2
4	553	8
4	554	-36
4	555	-11
4	556	-11
4	557	-23
4	558	0
4	559	-44
4	560	-10
4	561	-4
4	562	-51
4	563	-43
4	564	-46
4	565	-3
4	566	-15
4	567	9
4	568	-5
4	569	-17
4	570	-2
4	571	-30
4	572	-19
4	573	-2
4	574	-26
4	575	-33
4	576	-14
4	577	23
4	578	-51
4	579	-9
4	580	-5
4	581	-51
4	582	-7
4	583	0
4	584	-20
4	585	-23
4	586	-2
4	587	-34
4	588	-29
4	589	24
4	590	-7
4	591	-52
4	592	1
4	593	9
4	594	-45
4	595	-25
4	596	-4
4	597	0
4	598	2
4	599	-17
4	600	-9
4	601	-15
4	602	-25
4	603	-38
4	604	22
4	605	-28
4	606	-17
4	607	-16
4	608	-14
4	609	-28
4	610	-24
4	611	-53
4	612	0
4	613	-23
4	614	-39
4	615	0
4	616	-25
4	617	7
4	618	4
4	619	21
4	620	1
4	621	-19
4	622	-7
4	623	-33
4	624	2
4	625	-17
4	626	0
4	627	-43
4	628	-23
4	629	1
4	630	-22
4	631	-10
4	632	-6
4	633	-17
4	634	9
4	635	-6
4	636	-2
4	637	-50
4	638	-26
4	639	20
4	640	-23
4	641	-7
4	642	-15
4	643	-36
4	644	-41
4	645	-19
4	646	-16
4	647	-2
4	648	-16
4	649	-12
4	650	-36
4	651	18
4	652	-58
4	653	-24
4	654	-17
4	655	-63
4	656	-30
4	657	-32
4	658	8
4	659	-1
4	660	-19
4	661	-28
4	662	13
4	663	-27
4	664	-22
4	665	-12
4	666	-4
4	667	-25
4	668	12
4	669	-7
4	670	-39
4	671	-15
4	672	10
4	673	4
4	674	-7
4	675	-34
4	676	-24
4	677	32
4	678	11
4	679	-2
4	680	-20
4	681	3
4	682	-56
4	683	-21
4	684	-21
4	685	-24
4	686	-20
4	687	-7
4	688	-29
4	689	-9
4	690	-45
4	691	-40
4	692	-31
4	693	-22
4	694	-51
4	695	1
4	696	-31
4	697	-5
4	698	-14
4	699	28
4	700	-17
4	701	-16
4	702	-49
4	703	-20
4	704	-50
4	705	-57
4	706	-27
4	707	-34
4	708	-62
4	709	-42
4	710	5
4	711	-43
4	712	8
4	713	-48
4	714	10
4	715	13
4	716	-17
4	717	-5
4	718	9
4	719	-72
4	720	-23
4	721	17
4	722	10
4	723	-27
4	724	-43
4	725	7
4	726	-12
4	727	-4
4	728	-22
4	729	-18
4	730	-34
4	731	18
4	732	-15
4	733	-21
4	734	2
4	735	-51
4	736	-6
4	737	-30
4	738	19
4	739	-6
4	740	-17
4	741	-28
4	742	4
4	743	-15
4	744	-39
4	745	14
4	746	32
4	747	-33
4	748	-13
4	749	-61
4	750	22
4	751	-31
4	752	5
4	753	2
4	754	-5
4	755	-40
4	756	-40
4	757	-8
4	758	9
4	759	-7
4	760	-6
4	761	-72
4	762	-11
4	763	-33
4	764	-57
4	765	0
4	766	-5
4	767	-29
4	768	13
4	769	-34
4	770	-7
4	771	-11
4	772	-49
4	773	-16
4	774	29
4	775	-1
4	776	-24
4	777	1
4	778	13
4	779	-66
4	780	-37
4	781	-32
4	782	-21
4	783	-18
4	784	-15
4	785	-9
4	786	-44
4	787	20
4	788	27
4	789	-25
4	790	34
4	791	3
4	792	-32
4	793	-14
4	794	-14
4	795	-29
4	796	-20
4	797	-20
4	798	-22
4	799	-23
4	800	-25
4	801	13
4	802	-23
4	803	-31
4	804	-11
4	805	0
4	806	-14
4	807	-13
4	808	-60
4	809	-22
4	810	7
4	811	10
4	812	8
4	813	5
4	814	-15
4	815	-7
4	816	-25
4	817	4
4	818	-60
4	819	-13
4	820	-1
4	821	1
4	822	-10
4	823	-7
4	824	-30
4	825	-19
4	826	-62
4	827	-44
4	828	-33
4	829	23
4	830	-15
4	831	-17
4	832	-29
4	833	-19
4	834	-18
4	835	19
4	836	-6
4	837	-8
4	838	1
4	839	-2
4	840	-5
4	841	-51
4	842	-38
4	843	-28
4	844	-2
4	845	-42
4	846	-49
4	847	-28
4	848	-35
4	849	-14
4	850	-35
4	851	-31
4	852	-2
4	853	-27
4	854	9
4	855	-47
4	856	-24
4	857	-35
4	858	-36
4	859	-6
4	860	13
4	861	-25
4	862	-19
4	863	24
4	864	-28
4	865	-25
4	866	-11
4	867	-34
4	868	-35
4	869	6
4	870	-19
4	871	-14
4	872	-25
4	873	-13
4	874	6
4	875	-48
4	876	-17
4	877	-25
4	878	-4
4	879	13
4	880	5
4	881	-52
4	882	-5
4	883	-3
4	884	-28
4	885	-47
4	886	-27
4	887	-55
4	888	-18
4	889	-33
4	890	-36
4	891	-42
4	892	13
4	893	10
4	894	-42
4	895	-53
4	896	-2
4	897	-20
4	898	-25
4	899	-23
4	900	-49
4	901	-20
4	902	-3
4	903	-35
4	904	-9
4	905	-4
4	906	-21
4	907	-15
4	908	-11
4	909	-10
4	910	39
4	911	13
4	912	-21
4	913	-5
4	914	-12
4	915	-44
4	916	13
4	917	7
4	918	-58
4	919	-43
4	920	-3
4	921	-11
4	922	-5
4	923	31
4	924	-60
4	925	-20
4	926	-4
4	927	-33
4	928	-17
4	929	-23
4	930	14
4	931	-7
4	932	-32
4	933	-8
4	934	14
4	935	5
4	936	-25
4	937	-10
4	938	-28
4	939	-41
4	940	3
4	941	-43
4	942	2
4	943	-25
4	944	18
4	945	-9
4	946	9
4	947	-4
4	948	-3
4	949	-21
4	950	15
4	951	-20
4	952	-38
4	953	-44
4	954	-29
4	955	-4
4	956	-15
4	957	-7
4	958	-2
4	959	-13
4	960	-63
4	961	5
4	962	-28
4	963	12
4	964	-17
4	965	-18
4	966	-42
4	967	-15
4	968	-31
4	969	-23
4	970	-33
4	971	13
4	972	-15
4	973	-4
4	974	-12
4	975	-53
4	976	23
4	977	-20
4	978	-27
4	979	-66
4	980	-21
4	981	-8
4	982	-10
4	983	8
4	984	15
4	985	-34
4	986	-5
4	987	-27
4	988	-9
4	989	-3
4	990	-20
4	991	-8
4	992	11
4	993	-11
4	994	-10
4	995	-46
4	996	-15
4	997	-40
4	998	8
4	999	-53
4	1000	-15
4	1001	-6
4	1002	-36
4	1003	-7
4	1004	-4
4	1005	35
4	1006	-6
4	1007	-25
4	1008	-7
4	1009	-8
4	1010	-14
4	1011	-20
4	1012	4
4	1013	11
4	1014	-29
4	1015	-24
4	1016	15
4	1017	-9
4	1018	-25
4	1019	-25
4	1020	-25
4	1021	9
4	1022	1
4	1023	-27
5	0	58
5	1	-29
5	2	23
5	3	22
5	4	43
5	5	-5
5	6	70
5	7	-7
5	8	20
5	9	2
5	10	78
5	11	-10
5	12	33
5	13	-27
5	14	42
5	15	7
5	16	16
5	17	-4
5	18	26
5	19	-10
5	20	83
5	21	5
5	22	40
5	23	9
5	24	35
5	25	-4
5	26	61
5	27	-21
5	28	66
5	29	-12
5	30	-2
5	31	-24
5	32	51
5	33	-41
5	34	51
5	35	-3
5	36	47
5	37	57
5	38	34
5	39	11
5	40	41
5	41	-37
5	42	50
5	43	8
5	44	59
5	45	-16
5	46	66
5	47	-22
5	48	45
5	49	10
5	50	-5
5	51	-1
5	52	39
5	53	11
5	54	26
5	55	-8
5	56	10
5	57	9
5	58	69
5	59	-20
5	60	47
5	61	-8
5	62	12
5	63	-43
5	64	21
5	65	-12
5	66	61
5	67	-16
5	68	8
5	69	-51
5	70	30
5	71	-32
5	72	31
5	73	18
5	74	42
5	75	-36
5	76	49
5	77	-30
5	78	40
5	79	0
5	80	73
5	81	-15
5	82	58
5	83	-12
5	84	53
5	85	-7
5	86	80
5	87	32
5	88	19
5	89	34
5	90	50
5	91	31
5	92	23
5	93	6
5	94	62
5	95	-15
5	96	71
5	97	14
5	98	55
5	99	-52
5	100	51
5	101	8
5	102	68
5	103	-12
5	104	34
5	105	18
5	106	70
5	107	-27
5	108	53
5	109	-2
5	110	79
5	111	15
5	112	39
5	113	8
5	114	14
5	115	-18
5	116	22
5	117	-18
5	118	48
5	119	-27
5	120	73
5	121	4
5	122	74
5	123	-11
5	124	36
5	125	32
5	126	11
5	127	-44
5	128	45
5	129	-1
5	130	27
5	131	10
5	132	58
5	133	18
5	134	46
5	135	-11
5	136	43
5	137	6
5	138	60
5	139	-13
5	140	7
5	141	3
5	142	49
5	143	-25
5	144	54
5	145	-22
5	146	52
5	147	-9
5	148	42
5	149	-38
5	150	55
5	151	-31
5	152	16
5	153	7
5	154	64
5	155	25
5	156	30
5	157	-8
5	158	5
5	159	-45
5	160	41
5	161	-24
5	162	36
5	163	-47
5	164	71
5	165	2
5	166	73
5	167	-4
5	168	41
5	169	0
5	170	12
5	171	-24
5	172	41
5	173	-11
5	174	32
5	175	-13
5	176	61
5	177	1
5	178	48
5	179	-50
5	180	29
5	181	3
5	182	45
5	183	31
5	184	18
5	185	16
5	186	40
5	187	-16
5	188	31
5	189	8
5	190	8
5	191	-7
5	192	71
5	193	-24
5	194	29
5	195	30
5	196	39
5	197	-10
5	198	45
5	199	-9
5	200	38
5	201	8
5	202	6
5	203	-27
5	204	59
5	205	-18
5	206	44
5	207	-28
5	208	26
5	209	-10
5	210	89
5	211	-6
5	212	38
5	213	-11
5	214	-6
5	215	-26
5	216	87
5	217	-15
5	218	17
5	219	1
5	220	60
5	221	-19
5	222	47
5	223	4
5	224	70
5	225	-52
5	226	43
5	227	-12
5	228	18
5	229	3
5	230	65
5	231	-13
5	232	21
5	233	-17
5	234	9
5	235	-11
5	236	32
5	237	-24
5	238	65
5	239	-27
5	240	54
5	241	17
5	242	53
5	243	-37
5	244	47
5	245	-3
5	246	29
5	247	-11
5	248	26
5	249	-2
5	250	64
5	251	-37
5	252	35
5	253	-37
5	254	27
5	255	-40
5	256	33
5	257	13
5	258	23
5	259	-1
5	260	43
5	261	-44
5	262	36
5	263	5
5	264	69
5	265	-9
5	266	34
5	267	-27
5	268	20
5	269	27
5	270	41
5	271	0
5	272	45
5	273	-23
5	274	32
5	275	-2
5	276	74
5	277	-13
5	278	47
5	279	-21
5	280	13
5	281	-31
5	282	34
5	283	0
5	284	46
5	285	4
5	286	37
5	287	-7
5	288	51
5	289	8
5	290	58
5	291	-19
5	292	3
5	293	-16
5	294	44
5	295	1
5	296	16
5	297	6
5	298	8
5	299	-7
5	300	94
5	301	-7
5	302	56
5	303	-43
5	304	80
5	305	18
5	306	59
5	307	6
5	308	43
5	309	-47
5	310	64
5	311	-43
5	312	9
5	313	15
5	314	34
5	315	10
5	316	66
5	317	-16
5	318	18
5	319	-23
5	320	86
5	321	-11
5	322	9
5	323	24
5	324	1
5	325	-14
5	326	37
5	327	-14
5	328	64
5	329	-13
5	330	63
5	331	-3
5	332	41
5	333	-25
5	334	30
5	335	-37
5	336	33
5	337	28
5	338	20
5	339	-6
5	340	45
5	341	-8
5	342	2
5	343	-11
5	344	73
5	345	-35
5	346	67
5	347	-38
5	348	50
5	349	-22
5	350	32
5	351	0
5	352	19
5	353	-37
5	354	55
5	355	-7
5	356	42
5	357	12
5	358	15
5	359	-25
5	360	72
5	361	5
5	362	30
5	363	37
5	364	7
5	365	-21
5	366	23
5	367	-26
5	368	45
5	369	3
5	370	9
5	371	12
5	372	39
5	373	-45
5	374	13
5	375	-29
5	376	47
5	377	-20
5	378	33
5	379	11
5	380	36
5	381	-39
5	382	13
5	383	-17
5	384	43
5	385	-29
5	386	52
5	387	-20
5	388	94
5	389	-19
5	390	58
5	391	-11
5	392	22
5	393	-27
5	394	46
5	395	-16
5	396	16
5	397	-19
5	398	73
5	399	-31
5	400	51
5	401	-9
5	402	43
5	403	0
5	404	44
5	405	-37
5	406	44
5	407	13
5	408	20
5	409	-22
5	410	62
5	411	0
5	412	68
5	413	6
5	414	65
5	415	-17
5	416	26
5	417	15
5	418	20
5	419	-40
5	420	56
5	421	1
5	422	72
5	423	-23
5	424	79
5	425	-31
5	426	27
5	427	10
5	428	59
5	429	-25
5	430	27
5	431	-5
5	432	28
5	433	-29
5	434	45
5	435	7
5	436	23
5	437	6
5	438	67
5	439	-7
5	440	57
5	441	8
5	442	39
5	443	0
5	444	35
5	445	-39
5	446	87
5	447	33
5	448	42
5	449	-5
5	450	35
5	451	-15
5	452	48
5	453	-2
5	454	47
5	455	0
5	456	52
5	457	0
5	458	70
5	459	15
5	460	91
5	461	-14
5	462	78
5	463	22
5	464	38
5	465	-11
5	466	43
5	467	20
5	468	60
5	469	-1
5	470	59
5	471	-24
5	472	78
5	473	-36
5	474	37
5	475	-5
5	476	65
5	477	31
5	478	53
5	479	-15
5	480	46
5	481	-57
5	482	43
5	483	-11
5	484	62
5	485	15
5	486	26
5	487	-15
5	488	35
5	489	-22
5	490	43
5	491	7
5	492	61
5	493	8
5	494	51
5	495	-51
5	496	55
5	497	11
5	498	-36
5	499	-86
5	500	-34
5	501	-104
5	502	-7
5	503	-93
5	504	72
5	505	-21
5	506	50
5	507	-30
5	508	43
5	509	-13
5	510	1
5	511	-13
5	512	-14
5	513	8
5	514	29
5	515	-39
5	516	-22
5	517	-19
5	518	-8
5	519	43
5	520	-44
5	521	-24
5	522	-27
5	523	-22
5	524	11
5	525	-39
5	526	9
5	527	-30
5	528	-11
5	529	-46
5	530	-24
5	531	-34
5	532	-18
5	533	6
5	534	2
5	535	-11
5	536	-59
5	537	5
5	538	-37
5	539	8
5	540	-37
5	541	-37
5	542	29
5	543	-15
5	544	-34
5	545	-10
5	546	3
5	547	-39
5	548	-10
5	549	-14
5	550	-41
5	551	-54
5	552	23
5	553	-50
5	554	-3
5	555	17
5	556	-13
5	557	-11
5	558	-9
5	559	34
5	560	-17
5	561	-19
5	562	-12
5	563	-21
5	564	-47
5	565	0
5	566	-22
5	567	-28
5	568	-1
5	569	-32
5	570	-26
5	571	-17
5	572	-17
5	573	-16
5	574	-19
5	575	-12
5	576	-25
5	577	19
5	578	-31
5	579	-31
5	580	-27
5	581	-43
5	582	7
5	583	-9
5	584	-18
5	585	-23
5	586	23
5	587	-5
5	588	-28
5	589	0
5	590	14
5	591	-29
5	592	12
5	593	26
5	594	-31
5	595	-11
5	596	11
5	597	-12
5	598	-28
5	599	11
5	600	-14
5	601	-5
5	602	-11
5	603	-33
5	604	-47
5	605	-33
5	606	-44
5	607	1
5	608	-36
5	609	-31
5	610	-11
5	611	-55
5	612	-32
5	613	-42
5	614	-10
5	615	-29
5	616	-21
5	617	1
5	618	-32
5	619	-33
5	620	-23
5	621	3
5	622	-42
5	623	8
5	624	-42
5	625	-30
5	626	-9
5	627	-12
5	628	-10
5	629	-50
5	630	-26
5	631	-30
5	632	-29
5	633	-22
5	634	-44
5	635	-33
5	636	3
5	637	-29
5	638	-3
5	639	3
5	640	-8
5	641	-7
5	642	39
5	643	-3
5	644	-22
5	645	0
5	646	-46
5	647	-32
5	648	-46
5	649	-19
5	650	4
5	651	-25
5	652	-34
5	653	22
5	654	-25
5	655	-15
5	656	-22
5	657	11
5	658	-38
5	659	-11
5	660	-4
5	661	-25
5	662	-29
5	663	13
5	664	-10
5	665	13
5	666	-16
5	667	-10
5	668	-19
5	669	-6
5	670	-18
5	671	-11
5	672	-18
5	673	-19
5	674	-9
5	675	-20
5	676	-14
5	677	-7
5	678	-52
5	679	-21
5	680	29
5	681	45
5	682	-9
5	683	9
5	684	-20
5	685	-8
5	686	-38
5	687	-12
5	688	-42
5	689	12
5	690	-18
5	691	-50
5	692	-13
5	693	-11
5	694	-36
5	695	-45
5	696	7
5	697	-1
5	698	19
5	699	-14
5	700	-39
5	701	-8
5	702	14
5	703	-5
5	704	-23
5	705	-13
5	706	-39
5	707	-48
5	708	-37
5	709	9
5	710	-23
5	711	-36
5	712	13
5	713	-50
5	714	-59
5	715	-52
5	716	-11
5	717	-4
5	718	7
5	719	3
5	720	-5
5	721	3
5	722	-26
5	723	-2
5	724	-36
5	725	-28
5	726	-21
5	727	-5
5	728	39
5	729	-11
5	730	-2
5	731	4
5	732	23
5	733	22
5	734	2
5	735	-10
5	736	14
5	737	0
5	738	-21
5	739	-20
5	740	-28
5	741	-33
5	742	-9
5	743	-30
5	744	-8
5	745	-2
5	746	-48
5	747	-36
5	748	-14
5	749	-10
5	750	-31
5	751	-26
5	752	-19
5	753	1
5	754	-17
5	755	-5
5	756	-11
5	757	-3
5	758	-35
5	759	-38
5	760	-30
5	761	0
5	762	-44
5	763	-12
5	764	-60
5	765	-24
5	766	1
5	767	-47
5	768	-55
5	769	-15
5	770	10
5	771	-47
5	772	-20
5	773	-2
5	774	6
5	775	-13
5	776	-42
5	777	-29
5	778	-9
5	779	-39
5	780	-6
5	781	-54
5	782	-2
5	783	-56
5	784	-54
5	785	-8
5	786	26
5	787	-20
5	788	-43
5	789	13
5	790	-32
5	791	-27
5	792	6
5	793	6
5	794	-6
5	795	-27
5	796	-10
5	797	-19
5	798	6
5	799	-10
5	800	-2
5	801	-45
5	802	-25
5	803	4
5	804	-31
5	805	-19
5	806	-57
5	807	-35
5	808	-24
5	809	11
5	810	-17
5	811	17
5	812	-6
5	813	-49
5	814	13
5	815	-22
5	816	-26
5	817	13
5	818	-15
5	819	12
5	820	-20
5	821	-2
5	822	-3
5	823	23
5	824	-14
5	825	31
5	826	-2
5	827	-21
5	828	-16
5	829	-27
5	830	0
5	831	-5
5	832	-11
5	833	2
5	834	-11
5	835	-36
5	836	-36
5	837	-22
5	838	-20
5	839	0
5	840	-35
5	841	6
5	842	-35
5	843	-22
5	844	3
5	845	-24
5	846	-24
5	847	-27
5	848	-13
5	849	-48
5	850	-34
5	851	-24
5	852	-31
5	853	-15
5	854	-48
5	855	31
5	856	10
5	857	-30
5	858	33
5	859	8
5	860	-11
5	861	-10
5	862	18
5	863	-32
5	864	-15
5	865	-31
5	866	-6
5	867	-14
5	868	12
5	869	-48
5	870	9
5	871	-65
5	872	-39
5	873	-48
5	874	11
5	875	-46
5	876	-21
5	877	-10
5	878	-30
5	879	3
5	880	-11
5	881	24
5	882	3
5	883	-28
5	884	-21
5	885	-3
5	886	9
5	887	-27
5	888	-4
5	889	-30
5	890	9
5	891	30
5	892	-39
5	893	-53
5	894	-41
5	895	-30
5	896	-42
5	897	-22
5	898	-11
5	899	-40
5	900	-33
5	901	12
5	902	-28
5	903	-23
5	904	-22
5	905	-10
5	906	-13
5	907	7
5	908	-37
5	909	0
5	910	-25
5	911	-16
5	912	-19
5	913	-48
5	914	33
5	915	-16
5	916	3
5	917	11
5	918	-33
5	919	-12
5	920	-22
5	921	23
5	922	-9
5	923	-34
5	924	8
5	925	-53
5	926	-18
5	927	-24
5	928	-21
5	929	-54
5	930	25
5	931	-7
5	932	-28
5	933	-35
5	934	-42
5	935	-15
5	936	-22
5	937	36
5	938	-44
5	939	-7
5	940	0
5	941	-19
5	942	-36
5	943	-48
5	944	10
5	945	-43
5	946	16
5	947	-56
5	948	-6
5	949	-43
5	950	-6
5	951	-5
5	952	8
5	953	-22
5	954	-28
5	955	-30
5	956	-9
5	957	4
5	958	-12
5	959	-51
5	960	-19
5	961	-5
5	962	2
5	963	-19
5	964	-8
5	965	-8
5	966	-7
5	967	-13
5	968	-18
5	969	-11
5	970	-3
5	971	23
5	972	-14
5	973	-51
5	974	-18
5	975	-19
5	976	-22
5	977	-26
5	978	-10
5	979	-18
5	980	14
5	981	-20
5	982	-50
5	983	-18
5	984	-35
5	985	-47
5	986	-8
5	987	-37
5	988	-6
5	989	-10
5	990	-6
5	991	-43
5	992	1
5	993	-12
5	994	17
5	995	-20
5	996	-21
5	997	13
5	998	1
5	999	-12
5	1000	-11
5	1001	-7
5	1002	-27
5	1003	35
5	1004	2
5	1005	-17
5	1006	-3
5	1007	-33
5	1008	-44
5	1009	-4
5	1010	-48
5	1011	-58
5	1012	-40
5	1013	-63
5	1014	-55
5	1015	-31
5	1016	0
5	1017	-23
5	1018	-16
5	1019	-50
5	1020	-7
5	1021	-42
5	1022	0
5	1023	-30
6	0	24
6	1	-13
6	2	40
6	3	-8
6	4	30
6	5	-43
6	6	39
6	7	-19
6	8	52
6	9	-3
6	10	51
6	11	-25
6	12	19
6	13	-37
6	14	25
6	15	12
6	16	75
6	17	31
6	18	45
6	19	-26
6	20	56
6	21	10
6	22	74
6	23	-34
6	24	54
6	25	-30
6	26	23
6	27	31
6	28	76
6	29	-5
6	30	60
6	31	-17
6	32	49
6	33	-25
6	34	40
6	35	-28
6	36	55
6	37	12
6	38	66
6	39	6
6	40	41
6	41	3
6	42	46
6	43	7
6	44	21
6	45	-27
6	46	21
6	47	-15
6	48	60
6	49	27
6	50	21
6	51	-39
6	52	50
6	53	-30
6	54	1
6	55	10
6	56	49
6	57	-16
6	58	44
6	59	33
6	60	66
6	61	-30
6	62	15
6	63	-10
6	64	72
6	65	-14
6	66	1
6	67	-12
6	68	21
6	69	24
6	70	17
6	71	-32
6	72	34
6	73	-55
6	74	26
6	75	-63
6	76	48
6	77	17
6	78	51
6	79	20
6	80	40
6	81	-3
6	82	60
6	83	-14
6	84	82
6	85	-5
6	86	46
6	87	-32
6	88	9
6	89	-7
6	90	50
6	91	41
6	92	40
6	93	-18
6	94	38
6	95	11
6	96	66
6	97	11
6	98	48
6	99	17
6	100	36
6	101	8
6	102	45
6	103	5
6	104	28
6	105	-34
6	106	40
6	107	-23
6	108	20
6	109	0
6	110	73
6	111	-33
6	112	64
6	113	5
6	114	48
6	115	-15
6	116	17
6	117	-43
6	118	36
6	119	-27
6	120	37
6	121	-32
6	122	31
6	123	-9
6	124	73
6	125	-53
6	126	61
6	127	-27
6	128	30
6	129	-3
6	130	44
6	131	-26
6	132	33
6	133	-24
6	134	42
6	135	-29
6	136	52
6	137	-11
6	138	50
6	139	-11
6	140	18
6	141	7
6	142	42
6	143	-29
6	144	77
6	145	-17
6	146	87
6	147	-39
6	148	49
6	149	-4
6	150	96
6	151	-10
6	152	47
6	153	16
6	154	47
6	155	-27
6	156	30
6	157	-13
6	158	68
6	159	-42
6	160	48
6	161	-5
6	162	31
6	163	-15
6	164	35
6	165	21
6	166	46
6	167	-4
6	168	32
6	169	-15
6	170	59
6	171	-27
6	172	58
6	173	23
6	174	35
6	175	-2
6	176	85
6	177	-4
6	178	7
6	179	12
6	180	77
6	181	-11
6	182	79
6	183	-28
6	184	41
6	185	11
6	186	53
6	187	-26
6	188	64
6	189	-47
6	190	52
6	191	-74
6	192	61
6	193	-11
6	194	-21
6	195	2
6	196	61
6	197	10
6	198	33
6	199	-35
6	200	35
6	201	3
6	202	11
6	203	-12
6	204	14
6	205	2
6	206	49
6	207	-9
6	208	46
6	209	-26
6	210	23
6	211	-18
6	212	50
6	213	-25
6	214	51
6	215	1
6	216	2
6	217	-3
6	218	76
6	219	-12
6	220	49
6	221	-8
6	222	73
6	223	-4
6	224	69
6	225	22
6	226	31
6	227	6
6	228	56
6	229	-8
6	230	64
6	231	-4
6	232	24
6	233	36
6	234	68
6	235	35
6	236	50
6	237	8
6	238	57
6	239	-13
6	240	35
6	241	-33
6	242	58
6	243	-25
6	244	36
6	245	-46
6	246	26
6	247	22
6	248	77
6	249	5
6	250	24
6	251	-6
6	252	22
6	253	3
6	254	45
6	255	-13
6	256	75
6	257	8
6	258	71
6	259	14
6	260	78
6	261	-38
6	262	31
6	263	-11
6	264	67
6	265	1
6	266	33
6	267	34
6	268	40
6	269	3
6	270	82
6	271	-36
6	272	56
6	273	-4
6	274	41
6	275	-18
6	276	46
6	277	11
6	278	54
6	279	0
6	280	24
6	281	-52
6	282	36
6	283	-42
6	284	28
6	285	-37
6	286	41
6	287	-35
6	288	76
6	289	-21
6	290	17
6	291	-9
6	292	35
6	293	-16
6	294	49
6	295	5
6	296	26
6	297	1
6	298	34
6	299	4
6	300	97
6	301	-36
6	302	15
6	303	-11
6	304	47
6	305	-19
6	306	66
6	307	-23
6	308	76
6	309	-44
6	310	91
6	311	-5
6	312	29
6	313	4
6	314	57
6	315	-30
6	316	44
6	317	6
6	318	48
6	319	0
6	320	19
6	321	-15
6	322	52
6	323	27
6	324	42
6	325	5
6	326	0
6	327	-31
6	328	64
6	329	-3
6	330	81
6	331	3
6	332	33
6	333	0
6	334	81
6	335	14
6	336	22
6	337	-6
6	338	36
6	339	-9
6	340	33
6	341	-4
6	342	17
6	343	-6
6	344	69
6	345	14
6	346	71
6	347	1
6	348	45
6	349	1
6	350	81
6	351	-10
6	352	63
6	353	-5
6	354	44
6	355	-7
6	356	53
6	357	7
6	358	39
6	359	-16
6	360	55
6	361	-34
6	362	33
6	363	-5
6	364	39
6	365	-5
6	366	20
6	367	-34
6	368	67
6	369	-24
6	370	57
6	371	-1
6	372	32
6	373	-27
6	374	77
6	375	7
6	376	61
6	377	-5
6	378	26
6	379	-50
6	380	31
6	381	-6
6	382	35
6	383	-10
6	384	62
6	385	-19
6	386	24
6	387	14
6	388	13
6	389	-14
6	390	60
6	391	-4
6	392	26
6	393	-40
6	394	32
6	395	-20
6	396	63
6	397	-1
6	398	36
6	399	-3
6	400	52
6	401	-54
6	402	32
6	403	1
6	404	1
6	405	11
6	406	69
6	407	-20
6	408	15
6	409	7
6	410	14
6	411	1
6	412	32
6	413	1
6	414	23
6	415	-6
6	416	56
6	417	-31
6	418	51
6	419	-7
6	420	40
6	421	13
6	422	25
6	423	32
6	424	94
6	425	-37
6	426	23
6	427	-18
6	428	62
6	429	0
6	430	42
6	431	-21
6	432	55
6	433	4
6	434	40
6	435	10
6	436	38
6	437	-9
6	438	98
6	439	-23
6	440	67
6	441	13
6	442	57
6	443	-22
6	444	23
6	445	-2
6	446	27
6	447	-15
6	448	36
6	449	4
6	450	40
6	451	-42
6	452	22
6	453	-41
6	454	51
6	455	-20
6	456	6
6	457	-43
6	458	71
6	459	34
6	460	66
6	461	-36
6	462	57
6	463	-7
6	464	33
6	465	-14
6	466	78
6	467	1
6	468	73
6	469	-4
6	470	58
6	471	24
6	472	59
6	473	-22
6	474	10
6	475	24
6	476	55
6	477	13
6	478	79
6	479	-49
6	480	66
6	481	13
6	482	42
6	483	-13
6	484	17
6	485	-39
6	486	32
6	487	-14
6	488	33
6	489	-4
6	490	17
6	491	9
6	492	97
6	493	-14
6	494	52
6	495	10
6	496	68
6	497	-29
6	498	-12
6	499	-101
6	500	-46
6	501	-80
6	502	-27
6	503	-87
6	504	76
6	505	-17
6	506	31
6	507	22
6	508	61
6	509	-1
6	510	21
6	511	-31
6	512	21
6	513	11
6	514	-20
6	515	0
6	516	-52
6	517	-61
6	518	-44
6	519	-23
6	520	-38
6	521	-14
6	522	-29
6	523	3
6	524	29
6	525	-24
6	526	-15
6	527	-33
6	528	-51
6	529	-44
6	530	39
6	531	-37
6	532	-32
6	533	-15
6	534	-23
6	535	-31
6	536	-16
6	537	-3
6	538	-2
6	539	-23
6	540	-23
6	541	-14
6	542	-19
6	543	-22
6	544	-24
6	545	-29
6	546	-14
6	547	-42
6	548	-11
6	549	-4
6	550	1
6	551	-45
6	552	-11
6	553	-51
6	554	-16
6	555	-38
6	556	-31
6	557	-38
6	558	-26
6	559	-23
6	560	-19
6	561	-12
6	562	20
6	563	-45
6	564	-74
6	565	-31
6	566	-1
6	567	-36
6	568	-20
6	569	5
6	570	-25
6	571	-15
6	572	-55
6	573	-12
6	574	-22
6	575	-49
6	576	20
6	577	7
6	578	0
6	579	-7
6	580	-61
6	581	11
6	582	-44
6	583	-42
6	584	-18
6	585	-26
6	586	-32
6	587	-37
6	588	7
6	589	-21
6	590	7
6	591	-37
6	592	-27
6	593	-60
6	594	43
6	595	7
6	596	-28
6	597	-8
6	598	-4
6	599	-40
6	600	-14
6	601	2
6	602	13
6	603	-10
6	604	-7
6	605	-13
6	606	-26
6	607	-21
6	608	21
6	609	-23
6	610	21
6	611	-56
6	612	-7
6	613	-4
6	614	9
6	615	-25
6	616	-16
6	617	-8
6	618	-25
6	619	-6
6	620	-35
6	621	-16
6	622	0
6	623	-65
6	624	-40
6	625	1
6	626	-10
6	627	-41
6	628	2
6	629	-13
6	630	-20
6	631	-24
6	632	-21
6	633	-20
6	634	-38
6	635	-33
6	636	-27
6	637	-4
6	638	-10
6	639	-39
6	640	-38
6	641	6
6	642	10
6	643	5
6	644	-1
6	645	0
6	646	-4
6	647	-38
6	648	11
6	649	-22
6	650	-28
6	651	-37
6	652	-60
6	653	3
6	654	-7
6	655	-43
6	656	-50
6	657	10
6	658	-21
6	659	-10
6	660	-21
6	661	6
6	662	6
6	663	-13
6	664	-18
6	665	-28
6	666	-33
6	667	-17
6	668	-30
6	669	-35
6	670	-28
6	671	-44
6	672	-59
6	673	-15
6	674	-6
6	675	-6
6	676	-29
6	677	-22
6	678	16
6	679	-22
6	680	4
6	681	11
6	682	-44
6	683	-46
6	684	-25
6	685	-19
6	686	11
6	687	-6
6	688	18
6	689	-38
6	690	-35
6	691	-7
6	692	-7
6	693	15
6	694	-30
6	695	-40
6	696	-8
6	697	-47
6	698	-18
6	699	-10
6	700	-18
6	701	-32
6	702	-22
6	703	14
6	704	-12
6	705	-22
6	706	-22
6	707	-42
6	708	-17
6	709	-28
6	710	-32
6	711	-16
6	712	-34
6	713	0
6	714	1
6	715	-4
6	716	9
6	717	-20
6	718	-25
6	719	-39
6	720	-36
6	721	0
6	722	-17
6	723	-19
6	724	-48
6	725	19
6	726	-18
6	727	-14
6	728	-16
6	729	-3
6	730	0
6	731	-37
6	732	15
6	733	-12
6	734	-1
6	735	-11
6	736	-29
6	737	-49
6	738	-37
6	739	-29
6	740	5
6	741	-13
6	742	-8
6	743	-5
6	744	-3
6	745	-24
6	746	-28
6	747	10
6	748	0
6	749	4
6	750	-19
6	751	-15
6	752	0
6	753	-33
6	754	9
6	755	-13
6	756	3
6	757	-9
6	758	-6
6	759	-9
6	760	-46
6	761	-41
6	762	-39
6	763	-32
6	764	6
6	765	-17
6	766	-39
6	767	-19
6	768	-53
6	769	-55
6	770	5
6	771	26
6	772	-9
6	773	-21
6	774	-43
6	775	-40
6	776	-13
6	777	-2
6	778	-29
6	779	-13
6	780	-47
6	781	-23
6	782	-9
6	783	-40
6	784	-2
6	785	-34
6	786	-40
6	787	-32
6	788	-26
6	789	13
6	790	-16
6	791	-31
6	792	-30
6	793	-42
6	794	-8
6	795	28
6	796	-42
6	797	15
6	798	-10
6	799	44
6	800	-47
6	801	-10
6	802	-4
6	803	15
6	804	-16
6	805	-44
6	806	8
6	807	-30
6	808	-5
6	809	-12
6	810	-25
6	811	-12
6	812	-27
6	813	-50
6	814	-26
6	815	-61
6	816	-45
6	817	10
6	818	-4
6	819	-25
6	820	-32
6	821	-17
6	822	-10
6	823	-29
6	824	-10
6	825	-19
6	826	-26
6	827	-21
6	828	-53
6	829	-21
6	830	-7
6	831	-11
6	832	-20
6	833	-47
6	834	16
6	835	8
6	836	-21
6	837	37
6	838	10
6	839	-17
6	840	-10
6	841	-40
6	842	-15
6	843	-31
6	844	-37
6	845	-4
6	846	-18
6	847	4
6	848	6
6	849	-16
6	850	0
6	851	-39
6	852	-3
6	853	-12
6	854	-8
6	855	13
6	856	-2
6	857	-30
6	858	7
6	859	-15
6	860	-26
6	861	-33
6	862	-12
6	863	-34
6	864	-59
6	865	-18
6	866	-27
6	867	-14
6	868	-16
6	869	-5
6	870	1
6	871	21
6	872	11
6	873	-14
6	874	10
6	875	-42
6	876	27
6	877	-58
6	878	-2
6	879	-30
6	880	-21
6	881	-2
6	882	-17
6	883	-17
6	884	-27
6	885	-28
6	886	-12
6	887	-29
6	888	3
6	889	-42
6	890	-7
6	891	-18
6	892	6
6	893	-44
6	894	-11
6	895	-10
6	896	-7
6	897	16
6	898	-6
6	899	-45
6	900	0
6	901	-5
6	902	-35
6	903	16
6	904	-39
6	905	-4
6	906	-21
6	907	-3
6	908	15
6	909	-16
6	910	-13
6	911	0
6	912	23
6	913	-37
6	914	-25
6	915	-9
6	916	-10
6	917	-36
6	918	-11
6	919	-15
6	920	-33
6	921	-5
6	922	17
6	923	-24
6	924	-7
6	925	15
6	926	-14
6	927	18
6	928	-5
6	929	-11
6	930	1
6	931	-16
6	932	-30
6	933	-6
6	934	-16
6	935	-8
6	936	-14
6	937	17
6	938	-8
6	939	4
6	940	-32
6	941	-54
6	942	13
6	943	-19
6	944	-31
6	945	12
6	946	-5
6	947	-15
6	948	7
6	949	-32
6	950	9
6	951	-4
6	952	6
6	953	-7
6	954	-42
6	955	-11
6	956	-22
6	957	-30
6	958	-37
6	959	-15
6	960	-38
6	961	-46
6	962	-16
6	963	-30
6	964	-12
6	965	-9
6	966	-22
6	967	-8
6	968	1
6	969	-30
6	970	47
6	971	-47
6	972	14
6	973	-38
6	974	-4
6	975	-47
6	976	-43
6	977	-18
6	978	-13
6	979	20
6	980	-36
6	981	-32
6	982	11
6	983	13
6	984	-4
6	985	-12
6	986	23
6	987	-33
6	988	-11
6	989	-8
6	990	-14
6	991	-36
6	992	-6
6	993	-16
6	994	-70
6	995	-24
6	996	-29
6	997	1
6	998	-9
6	999	-35
6	1000	-36
6	1001	-49
6	1002	25
6	1003	-50
6	1004	-18
6	1005	-30
6	1006	-17
6	1007	-1
6	1008	-25
6	1009	-13
6	1010	-51
6	1011	-29
6	1012	-45
6	1013	-22
6	1014	-45
6	1015	-19
6	1016	12
6	1017	-38
6	1018	-24
6	1019	-66
6	1020	-27
6	1021	-50
6	1022	-22
6	1023	31
7	0	43
7	1	0
7	2	46
7	3	-27
7	4	33
7	5	29
7	6	35
7	7	35
7	8	16
7	9	4
7	10	39
7	11	-42
7	12	62
7	13	-29
7	14	34
7	15	-15
7	16	55
7	17	-20
7	18	41
7	19	11
7	20	29
7	21	9
7	22	39
7	23	15
7	24	61
7	25	-21
7	26	58
7	27	38
7	28	36
7	29	-37
7	30	30
7	31	-14
7	32	31
7	33	-27
7	34	51
7	35	10
7	36	58
7	37	-19
7	38	63
7	39	-1
7	40	60
7	41	-43
7	42	32
7	43	-3
7	44	61
7	45	13
7	46	33
7	47	31
7	48	70
7	49	-25
7	50	24
7	51	-11
7	52	86
7	53	-31
7	54	27
7	55	3
7	56	52
7	57	0
7	58	35
7	59	0
7	60	15
7	61	0
7	62	39
7	63	-38
7	64	39
7	65	-23
7	66	4
7	67	-29
7	68	49
7	69	-16
7	70	65
7	71	12
7	72	51
7	73	-35
7	74	29
7	75	19
7	76	33
7	77	14
7	78	40
7	79	-26
7	80	53
7	81	-10
7	82	18
7	83	-60
7	84	68
7	85	-11
7	86	71
7	87	2
7	88	36
7	89	-21
7	90	33
7	91	-8
7	92	62
7	93	18
7	94	30
7	95	-47
7	96	43
7	97	-13
7	98	35
7	99	-46
7	100	30
7	101	11
7	102	47
7	103	-3
7	104	33
7	105	5
7	106	12
7	107	9
7	108	64
7	109	9
7	110	26
7	111	6
7	112	25
7	113	-28
7	114	61
7	115	13
7	116	48
7	117	-15
7	118	78
7	119	-6
7	120	25
7	121	-40
7	122	48
7	123	-25
7	124	64
7	125	-14
7	126	66
7	127	4
7	128	75
7	129	-3
7	130	45
7	131	-36
7	132	33
7	133	-2
7	134	26
7	135	9
7	136	51
7	137	3
7	138	18
7	139	-20
7	140	63
7	141	-42
7	142	68
7	143	-5
7	144	35
7	145	-27
7	146	37
7	147	-22
7	148	64
7	149	-6
7	150	28
7	151	18
7	152	62
7	153	21
7	154	17
7	155	26
7	156	74
7	157	-5
7	158	59
7	159	11
7	160	48
7	161	14
7	162	25
7	163	-49
7	164	43
7	165	-43
7	166	59
7	167	-18
7	168	32
7	169	-6
7	170	44
7	171	-4
7	172	68
7	173	-39
7	174	46
7	175	10
7	176	51
7	177	3
7	178	33
7	179	-7
7	180	42
7	181	5
7	182	27
7	183	-53
7	184	42
7	185	-28
7	186	60
7	187	-10
7	188	56
7	189	-40
7	190	9
7	191	-31
7	192	6
7	193	-7
7	194	45
7	195	8
7	196	65
7	197	-26
7	198	38
7	199	-28
7	200	50
7	201	-4
7	202	31
7	203	15
7	204	44
7	205	-68
7	206	28
7	207	21
7	208	48
7	209	-11
7	210	71
7	211	-2
7	212	57
7	213	-36
7	214	55
7	215	33
7	216	50
7	217	-59
7	218	52
7	219	-18
7	220	67
7	221	-19
7	222	52
7	223	20
7	224	67
7	225	-23
7	226	77
7	227	-17
7	228	48
7	229	-19
7	230	39
7	231	-33
7	232	47
7	233	6
7	234	58
7	235	-14
7	236	33
7	237	1
7	238	8
7	239	11
7	240	53
7	241	-14
7	242	40
7	243	-24
7	244	60
7	245	-12
7	246	42
7	247	-50
7	248	51
7	249	-29
7	250	38
7	251	14
7	252	51
7	253	-4
7	254	69
7	255	-30
7	256	58
7	257	-12
7	258	48
7	259	-26
7	260	49
7	261	2
7	262	44
7	263	-57
7	264	70
7	265	-12
7	266	46
7	267	-7
7	268	21
7	269	-33
7	270	40
7	271	-46
7	272	53
7	273	-6
7	274	46
7	275	-25
7	276	39
7	277	-21
7	278	29
7	279	-10
7	280	50
7	281	-31
7	282	65
7	283	-3
7	284	52
7	285	-4
7	286	57
7	287	-59
7	288	57
7	289	27
7	290	32
7	291	-8
7	292	39
7	293	34
7	294	3
7	295	-2
7	296	70
7	297	1
7	298	83
7	299	-24
7	300	73
7	301	-44
7	302	79
7	303	1
7	304	90
7	305	16
7	306	25
7	307	37
7	308	51
7	309	-1
7	310	57
7	311	14
7	312	65
7	313	-9
7	314	55
7	315	-31
7	316	27
7	317	-20
7	318	8
7	319	-38
7	320	84
7	321	-19
7	322	38
7	323	-44
7	324	52
7	325	6
7	326	29
7	327	-13
7	328	69
7	329	-8
7	330	64
7	331	24
7	332	87
7	333	25
7	334	3
7	335	-32
7	336	58
7	337	-7
7	338	64
7	339	15
7	340	32
7	341	-29
7	342	17
7	343	0
7	344	71
7	345	26
7	346	59
7	347	-47
7	348	29
7	349	18
7	350	48
7	351	-8
7	352	49
7	353	-11
7	354	21
7	355	-21
7	356	61
7	357	-7
7	358	14
7	359	-23
7	360	39
7	361	-7
7	362	34
7	363	-41
7	364	43
7	365	-47
7	366	39
7	367	7
7	368	28
7	369	-43
7	370	39
7	371	21
7	372	-8
7	373	15
7	374	74
7	375	0
7	376	45
7	377	6
7	378	24
7	379	10
7	380	19
7	381	-32
7	382	41
7	383	-29
7	384	38
7	385	-33
7	386	20
7	387	-30
7	388	22
7	389	-46
7	390	37
7	391	5
7	392	6
7	393	-9
7	394	81
7	395	-24
7	396	90
7	397	18
7	398	69
7	399	-26
7	400	21
7	401	-10
7	402	96
7	403	-24
7	404	27
7	405	25
7	406	79
7	407	-24
7	408	22
7	409	12
7	410	43
7	411	-20
7	412	63
7	413	-5
7	414	40
7	415	-15
7	416	81
7	417	-21
7	418	20
7	419	4
7	420	42
7	421	-10
7	422	33
7	423	-19
7	424	65
7	425	-39
7	426	6
7	427	0
7	428	38
7	429	6
7	430	50
7	431	0
7	432	43
7	433	-40
7	434	7
7	435	6
7	436	43
7	437	-24
7	438	59
7	439	26
7	440	25
7	441	2
7	442	55
7	443	-11
7	444	79
7	445	-21
7	446	0
7	447	-2
7	448	42
7	449	-47
7	450	61
7	451	-25
7	452	102
7	453	-18
7	454	39
7	455	0
7	456	84
7	457	-9
7	458	67
7	459	-12
7	460	51
7	461	-40
7	462	65
7	463	-32
7	464	26
7	465	-31
7	466	56
7	467	-36
7	468	9
7	469	-29
7	470	35
7	471	17
7	472	67
7	473	6
7	474	61
7	475	-23
7	476	5
7	477	22
7	478	65
7	479	0
7	480	15
7	481	-25
7	482	50
7	483	-16
7	484	66
7	485	-34
7	486	38
7	487	-35
7	488	45
7	489	-9
7	490	88
7	491	-18
7	492	48
7	493	-2
7	494	74
7	495	18
7	496	48
7	497	-24
7	498	-13
7	499	-54
7	500	-13
7	501	-104
7	502	-57
7	503	-81
7	504	19
7	505	-32
7	506	50
7	507	-31
7	508	22
7	509	-7
7	510	54
7	511	1
7	512	2
7	513	-36
7	514	8
7	515	-24
7	516	-52
7	517	8
7	518	-20
7	519	-52
7	520	-13
7	521	5
7	522	-10
7	523	-16
7	524	-45
7	525	-7
7	526	-37
7	527	31
7	528	7
7	529	-19
7	530	-11
7	531	-65
7	532	-4
7	533	-13
7	534	-19
7	535	-65
7	536	9
7	537	-26
7	538	-20
7	539	-24
7	540	-31
7	541	0
7	542	8
7	543	6
7	544	-5
7	545	0
7	546	5
7	547	-27
7	548	-21
7	549	-12
7	550	-30
7	551	18
7	552	-28
7	553	21
7	554	-38
7	555	-21
7	556	3
7	557	7
7	558	15
7	559	-20
7	560	-3
7	561	11
7	562	2
7	563	-6
7	564	-32
7	565	-44
7	566	-44
7	567	-26
7	568	-31
7	569	-3
7	570	-32
7	571	-6
7	572	-19
7	573	-17
7	574	16
7	575	-28
7	576	-53
7	577	-55
7	578	-6
7	579	13
7	580	18
7	581	-12
7	582	-28
7	583	-40
7	584	-51
7	585	5
7	586	17
7	587	-11
7	588	-22
7	589	-49
7	590	-39
7	591	1
7	592	-28
7	593	-11
7	594	-19
7	595	-27
7	596	-4
7	597	14
7	598	7
7	599	-33
7	600	-15
7	601	-25
7	602	-13
7	603	-20
7	604	-26
7	605	-33
7	606	-21
7	607	-9
7	608	2
7	609	-25
7	610	-7
7	611	-18
7	612	-13
7	613	-40
7	614	-3
7	615	-12
7	616	-35
7	617	-3
7	618	8
7	619	12
7	620	-32
7	621	-4
7	622	-15
7	623	-39
7	624	24
7	625	-21
7	626	13
7	627	-2
7	628	-13
7	629	-15
7	630	-24
7	631	-7
7	632	-33
7	633	-12
7	634	-33
7	635	-41
7	636	-40
7	637	-33
7	638	1
7	639	-33
7	640	-2
7	641	-31
7	642	-10
7	643	-2
7	644	-25
7	645	-14
7	646	-20
7	647	-18
7	648	-18
7	649	-17
7	650	-19
7	651	-33
7	652	-36
7	653	-33
7	654	-29
7	655	-32
7	656	-5
7	657	12
7	658	-17
7	659	-54
7	660	28
7	661	-14
7	662	-43
7	663	-35
7	664	-12
7	665	16
7	666	-48
7	667	-43
7	668	7
7	669	-70
7	670	-16
7	671	-42
7	672	3
7	673	-13
7	674	-13
7	675	-29
7	676	-23
7	677	18
7	678	-3
7	679	-18
7	680	-2
7	681	-20
7	682	-31
7	683	-26
7	684	-45
7	685	-45
7	686	-13
7	687	-5
7	688	-2
7	689	-6
7	690	-52
7	691	0
7	692	-56
7	693	-37
7	694	7
7	695	15
7	696	30
7	697	-17
7	698	6
7	699	-28
7	700	-23
7	701	-31
7	702	-12
7	703	-36
7	704	-73
7	705	-48
7	706	30
7	707	-11
7	708	-38
7	709	-15
7	710	-35
7	711	-17
7	712	-30
7	713	-18
7	714	-39
7	715	-41
7	716	-11
7	717	-28
7	718	-46
7	719	-23
7	720	-12
7	721	-44
7	722	-18
7	723	-46
7	724	-12
7	725	34
7	726	-1
7	727	1
7	728	-26
7	729	-34
7	730	0
7	731	5
7	732	-14
7	733	18
7	734	-27
7	735	-38
7	736	-5
7	737	-20
7	738	-5
7	739	-17
7	740	-28
7	741	-70
7	742	-19
7	743	-16
7	744	9
7	745	-35
7	746	-15
7	747	-13
7	748	4
7	749	-9
7	750	-20
7	751	-5
7	752	-16
7	753	11
7	754	0
7	755	-72
7	756	-5
7	757	21
7	758	39
7	759	-49
7	760	14
7	761	-44
7	762	-38
7	763	-44
7	764	-63
7	765	-34
7	766	-15
7	767	-18
7	768	-23
7	769	-38
7	770	-8
7	771	9
7	772	28
7	773	0
7	774	-18
7	775	-33
7	776	-4
7	777	-19
7	778	-10
7	779	-33
7	780	-22
7	781	-36
7	782	-5
7	783	-7
7	784	-48
7	785	6
7	786	-15
7	787	-34
7	788	-37
7	789	1
7	790	-17
7	791	-23
7	792	12
7	793	0
7	794	-12
7	795	-3
7	796	-41
7	797	25
7	798	-11
7	799	-5
7	800	-29
7	801	-5
7	802	5
7	803	-26
7	804	-4
7	805	-26
7	806	-30
7	807	-32
7	808	-17
7	809	14
7	810	1
7	811	-22
7	812	2
7	813	-3
7	814	-4
7	815	-44
7	816	-7
7	817	11
7	818	-12
7	819	-18
7	820	-11
7	821	-30
7	822	-26
7	823	-37
7	824	-21
7	825	-13
7	826	14
7	827	-40
7	828	-17
7	829	21
7	830	-43
7	831	6
7	832	-49
7	833	-15
7	834	-3
7	835	-50
7	836	-3
7	837	-22
7	838	-5
7	839	-38
7	840	-5
7	841	-36
7	842	-51
7	843	-16
7	844	-9
7	845	2
7	846	12
7	847	5
7	848	17
7	849	7
7	850	-2
7	851	-19
7	852	-7
7	853	9
7	854	-41
7	855	-10
7	856	-23
7	857	-15
7	858	-5
7	859	-18
7	860	-40
7	861	-31
7	862	-8
7	863	-13
7	864	-46
7	865	-50
7	866	-47
7	867	14
7	868	-23
7	869	6
7	870	-9
7	871	-27
7	872	3
7	873	-3
7	874	-6
7	875	-34
7	876	-22
7	877	0
7	878	20
7	879	-13
7	880	-28
7	881	-35
7	882	28
7	883	-32
7	884	-7
7	885	-25
7	886	2
7	887	1
7	888	-4
7	889	-44
7	890	-21
7	891	15
7	892	-36
7	893	-6
7	894	-20
7	895	-19
7	896	-43
7	897	-12
7	898	21
7	899	-17
7	900	-12
7	901	-29
7	902	-34
7	903	-28
7	904	-32
7	905	11
7	906	6
7	907	-4
7	908	-59
7	909	-46
7	910	10
7	911	-4
7	912	-16
7	913	-15
7	914	23
7	915	-11
7	916	-7
7	917	-7
7	918	-5
7	919	-20
7	920	-19
7	921	-40
7	922	-7
7	923	0
7	924	-23
7	925	-26
7	926	-3
7	927	8
7	928	2
7	929	6
7	930	-26
7	931	17
7	932	1
7	933	6
7	934	-3
7	935	-37
7	936	-28
7	937	-2
7	938	-36
7	939	17
7	940	-26
7	941	-12
7	942	28
7	943	-67
7	944	-37
7	945	-13
7	946	-4
7	947	-22
7	948	-9
7	949	-12
7	950	-32
7	951	-22
7	952	3
7	953	-29
7	954	-3
7	955	-22
7	956	-42
7	957	-4
7	958	-12
7	959	4
7	960	-39
7	961	-31
7	962	-35
7	963	-14
7	964	9
7	965	-4
7	966	-22
7	967	-35
7	968	-40
7	969	-11
7	970	-13
7	971	-23
7	972	-10
7	973	20
7	974	3
7	975	-18
7	976	-36
7	977	4
7	978	-55
7	979	-31
7	980	-31
7	981	-39
7	982	-6
7	983	-10
7	984	-16
7	985	-32
7	986	-36
7	987	-67
7	988	-26
7	989	-39
7	990	3
7	991	-48
7	992	-13
7	993	-14
7	994	-34
7	995	-12
7	996	-6
7	997	-5
7	998	-18
7	999	-61
7	1000	13
7	1001	-6
7	1002	0
7	1003	3
7	1004	-14
7	1005	-47
7	1006	-37
7	1007	-27
7	1008	-4
7	1009	4
7	1010	-20
7	1011	-18
7	1012	-63
7	1013	24
7	1014	7
7	1015	7
7	1016	-15
7	1017	-11
7	1018	-23
7	1019	-26
7	1020	-18
7	1021	-3
7	1022	-48
7	1023	-49
8	0	37
8	1	-10
8	2	21
8	3	0
8	4	73
8	5	8
8	6	64
8	7	25
8	8	8
8	9	13
8	10	41
8	11	21
8	12	56
8	13	-28
8	14	20
8	15	-9
8	16	15
8	17	-26
8	18	45
8	19	15
8	20	48
8	21	-12
8	22	47
8	23	4
8	24	50
8	25	17
8	26	42
8	27	9
8	28	59
8	29	11
8	30	44
8	31	27
8	32	56
8	33	-9
8	34	23
8	35	-24
8	36	51
8	37	-2
8	38	37
8	39	8
8	40	14
8	41	6
8	42	65
8	43	4
8	44	72
8	45	25
8	46	1
8	47	24
8	48	3
8	49	-24
8	50	31
8	51	-27
8	52	17
8	53	-12
8	54	42
8	55	-2
8	56	22
8	57	-3
8	58	44
8	59	-14
8	60	21
8	61	7
8	62	55
8	63	-24
8	64	23
8	65	29
8	66	5
8	67	37
8	68	61
8	69	-4
8	70	33
8	71	0
8	72	45
8	73	-5
8	74	38
8	75	5
8	76	61
8	77	26
8	78	46
8	79	-1
8	80	55
8	81	59
8	82	57
8	83	-22
8	84	66
8	85	-7
8	86	59
8	87	-12
8	88	33
8	89	0
8	90	63
8	91	24
8	92	8
8	93	-21
8	94	40
8	95	-5
8	96	74
8	97	-42
8	98	1
8	99	-20
8	100	23
8	101	12
8	102	78
8	103	24
8	104	76
8	105	0
8	106	10
8	107	-52
8	108	60
8	109	-20
8	110	18
8	111	5
8	112	5
8	113	-11
8	114	23
8	115	23
8	116	33
8	117	1
8	118	45
8	119	10
8	120	27
8	121	17
8	122	15
8	123	20
8	124	31
8	125	-2
8	126	26
8	127	3
8	128	67
8	129	-24
8	130	39
8	131	1
8	132	46
8	133	-22
8	134	30
8	135	-63
8	136	64
8	137	-40
8	138	34
8	139	-5
8	140	44
8	141	0
8	142	67
8	143	2
8	144	43
8	145	6
8	146	26
8	147	34
8	148	26
8	149	-19
8	150	21
8	151	-19
8	152	57
8	153	12
8	154	44
8	155	-17
8	156	42
8	157	-19
8	158	28
8	159	6
8	160	85
8	161	-3
8	162	43
8	163	-22
8	164	44
8	165	-3
8	166	26
8	167	0
8	168	49
8	169	32
8	170	56
8	171	2
8	172	36
8	173	-12
8	174	30
8	175	0
8	176	50
8	177	-2
8	178	39
8	179	23
8	180	42
8	181	-9
8	182	29
8	183	17
8	184	65
8	185	-24
8	186	24
8	187	-9
8	188	66
8	189	25
8	190	29
8	191	48
8	192	49
8	193	-8
8	194	24
8	195	-17
8	196	-6
8	197	-26
8	198	52
8	199	-38
8	200	22
8	201	-6
8	202	64
8	203	-10
8	204	40
8	205	-1
8	206	25
8	207	37
8	208	26
8	209	-12
8	210	20
8	211	-20
8	212	59
8	213	-8
8	214	7
8	215	23
8	216	80
8	217	-19
8	218	15
8	219	16
8	220	37
8	221	-26
8	222	66
8	223	-22
8	224	49
8	225	5
8	226	11
8	227	-22
8	228	33
8	229	-16
8	230	98
8	231	-22
8	232	62
8	233	-7
8	234	48
8	235	30
8	236	86
8	237	-2
8	238	67
8	239	35
8	240	47
8	241	17
8	242	72
8	243	26
8	244	14
8	245	-18
8	246	23
8	247	14
8	248	52
8	249	0
8	250	85
8	251	-2
8	252	44
8	253	-10
8	254	54
8	255	13
8	256	26
8	257	-6
8	258	67
8	259	5
8	260	24
8	261	20
8	262	31
8	263	1
8	264	24
8	265	-8
8	266	44
8	267	-2
8	268	34
8	269	-52
8	270	58
8	271	19
8	272	62
8	273	-6
8	274	-1
8	275	60
8	276	52
8	277	7
8	278	80
8	279	27
8	280	43
8	281	39
8	282	20
8	283	-16
8	284	68
8	285	9
8	286	20
8	287	31
8	288	43
8	289	6
8	290	46
8	291	2
8	292	59
8	293	-29
8	294	31
8	295	-6
8	296	89
8	297	-10
8	298	33
8	299	-5
8	300	86
8	301	24
8	302	35
8	303	-12
8	304	38
8	305	-12
8	306	24
8	307	32
8	308	87
8	309	-37
8	310	51
8	311	24
8	312	68
8	313	31
8	314	60
8	315	9
8	316	67
8	317	-9
8	318	46
8	319	-14
8	320	54
8	321	21
8	322	46
8	323	-12
8	324	29
8	325	-5
8	326	25
8	327	-10
8	328	32
8	329	11
8	330	39
8	331	42
8	332	66
8	333	-36
8	334	59
8	335	-18
8	336	37
8	337	-47
8	338	57
8	339	35
8	340	26
8	341	17
8	342	23
8	343	-10
8	344	39
8	345	2
8	346	-31
8	347	3
8	348	55
8	349	-28
8	350	48
8	351	34
8	352	13
8	353	6
8	354	21
8	355	-6
8	356	63
8	357	7
8	358	57
8	359	-2
8	360	68
8	361	-8
8	362	59
8	363	-28
8	364	67
8	365	4
8	366	10
8	367	-17
8	368	69
8	369	9
8	370	5
8	371	8
8	372	-4
8	373	-5
8	374	43
8	375	11
8	376	31
8	377	-41
8	378	41
8	379	32
8	380	44
8	381	-21
8	382	62
8	383	-5
8	384	47
8	385	-32
8	386	34
8	387	17
8	388	55
8	389	9
8	390	45
8	391	19
8	392	35
8	393	7
8	394	40
8	395	-22
8	396	29
8	397	-8
8	398	38
8	399	7
8	400	60
8	401	-7
8	402	49
8	403	-1
8	404	33
8	405	-33
8	406	21
8	407	-7
8	408	31
8	409	13
8	410	61
8	411	-5
8	412	59
8	413	12
8	414	38
8	415	-55
8	416	54
8	417	4
8	418	21
8	419	21
8	420	35
8	421	19
8	422	28
8	423	12
8	424	28
8	425	-22
8	426	17
8	427	-27
8	428	42
8	429	-6
8	430	73
8	431	-3
8	432	64
8	433	8
8	434	72
8	435	-21
8	436	21
8	437	-37
8	438	8
8	439	-10
8	440	69
8	441	-20
8	442	44
8	443	-44
8	444	47
8	445	18
8	446	61
8	447	29
8	448	57
8	449	10
8	450	27
8	451	12
8	452	48
8	453	-30
8	454	26
8	455	-10
8	456	51
8	457	-29
8	458	47
8	459	20
8	460	88
8	461	-10
8	462	19
8	463	15
8	464	60
8	465	-3
8	466	21
8	467	-2
8	468	48
8	469	-14
8	470	70
8	471	-8
8	472	20
8	473	-27
8	474	79
8	475	24
8	476	42
8	477	-15
8	478	14
8	479	-16
8	480	44
8	481	-25
8	482	41
8	483	17
8	484	25
8	485	23
8	486	65
8	487	-35
8	488	52
8	489	16
8	490	57
8	491	40
8	492	77
8	493	6
8	494	39
8	495	3
8	496	19
8	497	-34
8	498	-31
8	499	-73
8	500	-40
8	501	-61
8	502	-32
8	503	-67
8	504	69
8	505	11
8	506	46
8	507	0
8	508	52
8	509	-17
8	510	23
8	511	-27
8	512	-48
8	513	-27
8	514	-13
8	515	0
8	516	-41
8	517	-46
8	518	-9
8	519	-10
8	520	-45
8	521	-47
8	522	12
8	523	-46
8	524	-32
8	525	-39
8	526	15
8	527	-30
8	528	16
8	529	-15
8	530	-13
8	531	-48
8	532	-32
8	533	-32
8	534	-9
8	535	-49
8	536	-35
8	537	9
8	538	-40
8	539	-3
8	540	-31
8	541	-48
8	542	-20
8	543	-34
8	544	-35
8	545	-49
8	546	-5
8	547	-23
8	548	-37
8	549	-35
8	550	-34
8	551	5
8	552	-30
8	553	-32
8	554	-6
8	555	-9
8	556	-13
8	557	49
8	558	-69
8	559	-7
8	560	-72
8	561	-22
8	562	-29
8	563	-23
8	564	-64
8	565	-21
8	566	-9
8	567	-22
8	568	-33
8	569	-41
8	570	-10
8	571	-62
8	572	-48
8	573	-19
8	574	-20
8	575	-53
8	576	-16
8	577	-36
8	578	-46
8	579	-14
8	580	3
8	581	-26
8	582	-26
8	583	-14
8	584	-75
8	585	-54
8	586	6
8	587	-15
8	588	-32
8	589	1
8	590	-26
8	591	-34
8	592	-39
8	593	-23
8	594	-8
8	595	-24
8	596	-24
8	597	-37
8	598	-26
8	599	-17
8	600	-68
8	601	-59
8	602	11
8	603	-17
8	604	11
8	605	-23
8	606	25
8	607	-1
8	608	-26
8	609	-18
8	610	-21
8	611	7
8	612	-47
8	613	-40
8	614	8
8	615	-19
8	616	-22
8	617	18
8	618	-45
8	619	-18
8	620	-56
8	621	-32
8	622	11
8	623	3
8	624	-27
8	625	-7
8	626	-21
8	627	-17
8	628	-4
8	629	-27
8	630	-34
8	631	-32
8	632	-13
8	633	1
8	634	-73
8	635	-5
8	636	-30
8	637	20
8	638	12
8	639	-26
8	640	-19
8	641	-37
8	642	10
8	643	-15
8	644	-25
8	645	-28
8	646	-34
8	647	-27
8	648	-32
8	649	-10
8	650	-26
8	651	-25
8	652	-47
8	653	-41
8	654	-7
8	655	-23
8	656	-14
8	657	-20
8	658	-16
8	659	-1
8	660	-12
8	661	-12
8	662	-45
8	663	-48
8	664	-33
8	665	-18
8	666	-12
8	667	-48
8	668	-21
8	669	-25
8	670	-9
8	671	-40
8	672	-7
8	673	-26
8	674	-30
8	675	20
8	676	-15
8	677	23
8	678	-10
8	679	12
8	680	-32
8	681	-26
8	682	-31
8	683	0
8	684	-18
8	685	-1
8	686	-28
8	687	-20
8	688	-42
8	689	-43
8	690	-22
8	691	-45
8	692	-46
8	693	-36
8	694	-17
8	695	-21
8	696	-14
8	697	-9
8	698	-35
8	699	-8
8	700	-36
8	701	-2
8	702	-12
8	703	1
8	704	-24
8	705	-38
8	706	17
8	707	-29
8	708	-21
8	709	-34
8	710	-43
8	711	-36
8	712	-25
8	713	7
8	714	-27
8	715	-6
8	716	-13
8	717	-7
8	718	6
8	719	-25
8	720	-17
8	721	-38
8	722	-24
8	723	-18
8	724	-35
8	725	13
8	726	-3
8	727	-7
8	728	28
8	729	-21
8	730	-12
8	731	-16
8	732	-17
8	733	-12
8	734	-6
8	735	-15
8	736	-48
8	737	-46
8	738	-28
8	739	-14
8	740	15
8	741	-9
8	742	-2
8	743	-21
8	744	-23
8	745	-28
8	746	-34
8	747	-41
8	748	-31
8	749	4
8	750	-64
8	751	-2
8	752	-42
8	753	-8
8	754	-15
8	755	-25
8	756	-7
8	757	-17
8	758	-11
8	759	-7
8	760	22
8	761	5
8	762	3
8	763	15
8	764	-26
8	765	-67
8	766	-31
8	767	-28
8	768	2
8	769	7
8	770	10
8	771	0
8	772	3
8	773	-7
8	774	-15
8	775	-37
8	776	-38
8	777	-19
8	778	7
8	779	-25
8	780	-18
8	781	-37
8	782	-5
8	783	-20
8	784	-43
8	785	-18
8	786	-17
8	787	-24
8	788	10
8	789	-21
8	790	-24
8	791	-63
8	792	8
8	793	-53
8	794	-6
8	795	10
8	796	-39
8	797	-14
8	798	-37
8	799	-16
8	800	-56
8	801	-39
8	802	-24
8	803	-27
8	804	-19
8	805	-32
8	806	-57
8	807	-42
8	808	20
8	809	25
8	810	-12
8	811	-14
8	812	-25
8	813	-23
8	814	-19
8	815	-10
8	816	-39
8	817	-7
8	818	-29
8	819	-43
8	820	-48
8	821	-17
8	822	12
8	823	-19
8	824	-20
8	825	3
8	826	-7
8	827	8
8	828	6
8	829	-38
8	830	-36
8	831	-1
8	832	-31
8	833	-29
8	834	-4
8	835	-51
8	836	-20
8	837	-20
8	838	-39
8	839	-8
8	840	-22
8	841	-5
8	842	0
8	843	-29
8	844	33
8	845	-19
8	846	-16
8	847	-17
8	848	-2
8	849	11
8	850	-15
8	851	-50
8	852	-34
8	853	-18
8	854	-39
8	855	-18
8	856	-12
8	857	-32
8	858	-2
8	859	-18
8	860	-36
8	861	21
8	862	-18
8	863	21
8	864	25
8	865	-33
8	866	-25
8	867	-36
8	868	5
8	869	-21
8	870	-24
8	871	-67
8	872	-22
8	873	1
8	874	23
8	875	-28
8	876	3
8	877	-24
8	878	-3
8	879	-44
8	880	-26
8	881	-15
8	882	-36
8	883	14
8	884	3
8	885	-6
8	886	-1
8	887	-27
8	888	-10
8	889	-5
8	890	-34
8	891	-37
8	892	-40
8	893	-27
8	894	-28
8	895	-11
8	896	-13
8	897	2
8	898	-16
8	899	-45
8	900	-51
8	901	-14
8	902	-6
8	903	-10
8	904	-13
8	905	-9
8	906	-20
8	907	-43
8	908	16
8	909	-41
8	910	-41
8	911	-21
8	912	-35
8	913	-25
8	914	-18
8	915	-13
8	916	-35
8	917	-3
8	918	8
8	919	-34
8	920	-10
8	921	-3
8	922	2
8	923	1
8	924	4
8	925	-15
8	926	-20
8	927	3
8	928	-15
8	929	6
8	930	-9
8	931	-17
8	932	-49
8	933	-11
8	934	-40
8	935	-27
8	936	-23
8	937	33
8	938	-59
8	939	4
8	940	-23
8	941	-13
8	942	-24
8	943	-6
8	944	-65
8	945	-27
8	946	-39
8	947	-16
8	948	-33
8	949	-11
8	950	9
8	951	-4
8	952	-8
8	953	-15
8	954	-22
8	955	-22
8	956	-34
8	957	-12
8	958	-31
8	959	-30
8	960	-27
8	961	-34
8	962	2
8	963	-4
8	964	-67
8	965	6
8	966	-35
8	967	-59
8	968	9
8	969	-53
8	970	7
8	971	12
8	972	-19
8	973	-26
8	974	-30
8	975	11
8	976	-19
8	977	5
8	978	-42
8	979	6
8	980	-22
8	981	-25
8	982	-20
8	983	-21
8	984	2
8	985	-11
8	986	-4
8	987	-47
8	988	-37
8	989	-10
8	990	10
8	991	-5
8	992	-32
8	993	-5
8	994	7
8	995	-38
8	996	-29
8	997	9
8	998	-25
8	999	-25
8	1000	-32
8	1001	-7
8	1002	-46
8	1003	-15
8	1004	0
8	1005	6
8	1006	-31
8	1007	17
8	1008	-5
8	1009	-16
8	1010	-64
8	1011	-18
8	1012	-41
8	1013	-24
8	1014	-32
8	1015	-17
8	1016	-10
8	1017	-9
8	1018	-18
8	1019	-23
8	1020	-17
8	1021	-35
8	1022	-49
8	1023	-51
